15.20 1.90 38.89
15.17 1.93 38.94
15.17 1.93 38.94
15.17 1.90 38.89
15.17 1.90 38.89
15.20 1.88 38.89
15.17 1.90 38.89
15.20 1.93 38.92
15.17 1.93 38.87
15.17 1.88 38.87
15.15 1.88 38.90
15.20 1.91 38.92
15.17 1.91 38.94
15.15 1.90 38.90
15.17 1.88 38.87
15.20 1.88 38.92
15.17 1.93 38.92
15.17 1.91 38.94
15.17 1.93 38.89
15.20 1.88 38.89
15.20 1.91 38.92
15.20 1.91 38.94
15.20 1.91 38.92
15.17 1.90 38.89
15.15 1.93 38.87
15.20 1.90 38.89
15.22 1.91 38.94
15.17 1.93 38.89
15.17 1.93 38.92
15.20 1.90 38.89
15.20 1.88 38.89
15.20 1.93 38.92
15.17 1.93 38.89
15.20 1.93 38.87
15.18 1.90 38.85
15.20 1.93 38.89
15.20 1.91 38.92
15.17 1.91 38.92
15.17 1.93 38.87
15.17 1.90 38.89
15.20 1.93 38.89
15.20 1.93 38.92
15.14 1.91 38.92
15.20 1.93 38.89
15.17 1.90 38.89
15.17 1.91 38.92
15.19 1.93 38.94
15.20 1.91 38.92
15.20 1.96 38.92
15.17 1.88 38.89
15.20 1.93 38.89
15.20 1.88 38.92
15.17 1.91 38.92
15.20 1.93 38.89
15.20 1.90 38.87
15.20 1.88 38.89
15.20 1.90 38.89
15.17 1.93 38.92
15.20 1.93 38.87
15.17 1.88 38.89
15.20 1.90 38.89
15.19 1.93 38.94
15.17 1.91 38.94
15.20 1.93 38.89
15.17 1.93 38.87
15.20 1.90 38.89
15.20 1.91 38.92
15.19 1.93 38.94
15.17 1.96 38.90
15.20 1.90 38.89
15.20 1.88 38.89
15.22 1.91 38.92
15.20 1.93 38.92
15.20 1.90 38.87
15.20 1.96 38.87
15.20 1.90 38.89
15.17 1.96 38.92
15.20 1.96 38.92
15.20 1.96 38.87
15.23 1.93 38.84
15.23 1.90 38.89
15.20 1.93 38.92
15.20 1.93 38.89
15.17 1.93 38.87
15.15 1.93 38.87
15.17 1.93 38.89
15.20 1.91 38.94
15.20 1.96 38.92
15.17 1.96 38.92
15.20 1.93 38.89
15.20 1.90 38.89
15.19 1.93 38.94
15.19 1.93 38.94
15.17 1.93 38.89
15.20 1.93 38.87
15.17 1.93 38.92
15.17 1.91 38.92
15.20 1.93 38.92
15.20 1.93 38.89
15.20 1.90 38.87
15.20 1.93 38.84
15.22 1.91 38.92
15.17 1.90 38.89
15.20 1.88 38.87
15.17 1.85 38.87
15.17 1.90 38.89
15.20 1.93 38.92
15.17 1.91 38.94
15.17 1.90 38.89
15.20 1.90 38.87
15.20 1.93 38.89
15.22 1.91 38.94
15.20 1.93 38.92
15.20 1.90 38.89
15.17 1.90 38.87
15.20 1.88 38.92
15.20 1.91 38.94
15.20 1.93 38.92
15.23 1.93 38.89
15.20 1.90 38.84
15.17 1.88 38.92
15.17 1.91 38.94
15.17 1.96 38.92
15.17 1.93 38.87
15.17 1.88 38.87
15.15 1.90 38.90
15.17 1.88 38.92
15.22 1.91 38.94
15.17 1.93 38.89
15.17 1.93 38.89
15.15 1.90 38.90
15.17 1.96 38.92
15.17 1.91 38.94
15.17 1.90 38.87
15.17 1.90 38.87
15.17 1.88 38.87
15.17 1.93 38.94
15.17 1.93 38.92
15.17 1.93 38.92
15.17 1.90 38.87
15.17 1.91 38.92
15.20 1.88 38.92
15.17 1.93 38.92
15.17 1.90 38.87
15.20 1.93 38.89
15.20 1.90 38.89
15.20 1.91 38.92
15.20 1.93 38.89
15.20 1.88 38.89
15.20 1.90 38.87
15.20 1.90 38.89
15.20 1.96 38.92
15.19 1.93 38.94
15.17 1.90 38.89
15.20 1.90 38.87
15.20 1.90 38.89
15.17 1.91 38.92
15.17 1.93 38.92
15.17 1.96 38.90
15.15 1.90 38.87
15.17 1.90 38.89
15.17 1.93 38.89
15.20 1.90 38.89
15.20 1.88 38.89
15.18 1.90 38.85
15.20 1.88 38.87
15.17 1.93 38.92
15.17 1.93 38.92
15.20 1.93 38.89
15.17 1.90 38.87
15.17 1.90 38.89
15.20 1.91 38.92
15.17 1.93 38.94
15.20 1.93 38.89
15.17 1.90 38.87
15.15 1.90 38.87
15.20 1.93 38.92
15.17 1.96 38.92
15.20 1.93 38.84
15.15 1.90 38.87
15.17 1.93 38.89
15.17 1.93 38.92
15.17 1.93 38.94
15.20 1.93 38.87
15.15 1.88 38.90
15.17 1.93 38.92
15.17 1.91 38.94
15.17 1.93 38.94
15.17 1.93 38.89
15.17 1.90 38.87
15.15 1.90 38.90
15.20 1.91 38.92
15.20 1.93 38.89
15.17 1.93 38.87
15.17 1.90 38.89
15.17 1.88 38.89
15.17 1.91 38.92
15.20 1.99 38.92
15.17 1.96 38.90
15.20 1.88 38.87
15.20 1.91 38.92
15.20 1.91 38.94
15.19 1.93 38.94
15.17 1.90 38.89
15.17 1.90 38.87
15.17 1.93 38.89
15.25 1.90 38.89
15.17 1.91 38.92
15.20 1.93 38.89
15.20 1.93 38.87
15.17 1.96 38.90
15.19 1.93 38.94
15.20 1.93 38.92
15.20 1.90 38.87
15.20 1.90 38.89
15.20 1.90 38.87
15.20 1.88 38.94
15.20 1.91 38.92
15.18 1.90 38.85
15.18 1.93 38.85
15.17 1.88 38.87
15.14 1.93 38.95
15.17 1.96 38.90
15.17 1.93 38.89
15.17 1.90 38.89
15.20 1.90 38.87
15.17 1.93 38.94
15.17 1.91 38.92
15.20 1.90 38.87
15.17 1.88 38.87
15.17 1.90 38.89
15.17 1.93 38.89
15.15 1.90 38.90
15.15 1.93 38.87
15.17 1.93 38.89
15.17 1.90 38.89
15.17 1.90 38.89
15.20 1.93 38.92
15.20 1.90 38.89
15.20 1.90 38.87
15.17 1.93 38.92
15.20 1.91 38.94
15.20 1.93 38.92
15.20 1.93 38.89
15.17 1.90 38.89
15.20 1.93 38.89
15.20 1.93 38.92
15.20 1.93 38.92
15.17 1.93 38.89
15.17 1.93 38.89
15.17 1.90 38.87
15.22 1.91 38.92
15.20 1.91 38.92
15.17 1.93 38.89
15.20 1.90 38.89
15.20 1.91 38.92
15.20 1.91 38.92
15.19 1.93 38.94
15.20 1.90 38.89
15.17 1.90 38.87
15.20 1.91 38.92
15.20 1.91 38.92
15.20 1.91 38.92
15.20 1.88 38.89
15.17 1.90 38.89
15.20 1.88 38.89
15.17 1.91 38.94
15.17 1.88 38.94
15.17 1.93 38.89
15.17 1.90 38.89
15.17 1.88 38.89
15.22 1.91 38.94
15.19 1.93 38.94
15.15 1.93 38.90
15.20 1.90 38.89
15.20 1.88 38.89
15.20 1.88 38.92
15.20 1.93 38.89
15.20 1.93 38.87
15.17 1.93 38.87
15.17 1.90 38.87
15.22 1.88 38.94
15.20 1.91 38.92
15.17 1.93 38.89
15.17 1.90 38.87
15.23 1.90 38.89
15.20 1.91 38.92
15.20 1.93 38.89
15.20 1.91 38.92
15.17 1.93 38.87
15.20 1.88 38.89
15.17 1.90 38.89
15.17 1.96 38.92
15.17 1.91 38.92
15.17 1.93 38.87
15.20 1.90 38.87
15.20 1.93 38.92
15.20 1.93 38.92
15.17 1.93 38.89
15.20 1.93 38.87
15.20 1.90 38.89
15.22 1.93 38.92
15.20 1.91 38.92
15.20 1.93 38.89
15.17 1.90 38.89
15.17 1.88 38.89
15.17 1.91 38.92
15.17 1.91 38.94
15.17 1.93 38.89
15.20 1.90 38.87
15.17 1.90 38.89
15.19 1.93 38.94
15.20 1.93 38.92
15.23 1.90 38.89
15.20 1.88 38.87
15.20 1.93 38.87
15.17 1.93 38.97
15.20 1.91 38.92
15.17 1.90 38.89
15.17 1.88 38.89
15.20 1.90 38.89
15.20 1.91 38.92
15.19 1.93 38.94
15.20 1.90 38.89
15.20 1.96 38.87
15.20 1.90 38.89
15.17 1.91 38.92
15.20 1.93 38.92
15.17 1.93 38.89
15.20 1.88 38.89
15.20 1.90 38.89
15.20 1.91 38.92
15.17 1.93 38.97
15.17 1.90 38.89
15.15 1.88 38.90
15.17 1.88 38.92
15.17 1.91 38.94
15.20 1.93 38.89
15.17 1.93 38.92
15.17 1.90 38.89
15.17 1.90 38.89
15.14 1.91 38.92
15.17 1.88 38.89
15.17 1.93 38.89
15.17 1.88 38.87
15.20 1.90 38.89
15.19 1.93 38.94
15.17 1.91 38.92
15.17 1.93 38.89
15.20 1.93 38.87
15.17 1.90 38.89
15.17 1.91 38.92
15.17 1.93 38.94
15.17 1.93 38.89
15.15 1.85 38.90
15.17 1.93 38.89
15.20 1.91 38.94
15.20 1.88 38.94
15.20 1.93 38.92
15.20 1.88 38.89
15.17 1.90 38.89
15.17 1.93 38.94
15.20 1.93 38.92
15.17 1.96 38.90
15.15 1.90 38.90
15.17 1.88 38.87
15.17 1.91 38.92
15.17 1.93 38.94
15.20 1.91 38.92
15.17 1.90 38.87
15.17 1.88 38.87
15.17 1.91 38.92
15.17 1.93 38.92
15.23 1.93 38.89
15.15 1.93 38.87
15.20 1.88 38.89
15.17 1.91 38.94
15.17 1.93 38.92
15.17 1.93 38.89
15.17 1.88 38.89
15.20 1.88 38.89
15.19 1.88 38.97
15.20 1.93 38.92
15.20 1.93 38.89
15.20 1.88 38.87
15.20 1.91 38.94
15.17 1.91 38.92
15.17 1.93 38.92
15.17 1.93 38.92
15.17 1.88 38.87
15.17 1.90 38.89
15.20 1.88 38.94
15.20 1.91 38.92
15.20 1.90 38.89
15.17 1.90 38.87
15.20 1.90 38.87
15.20 1.91 38.94
15.22 1.96 38.92
15.23 1.90 38.89
15.17 1.93 38.89
15.20 1.93 38.89
15.17 1.91 38.92
15.22 1.91 38.94
15.17 1.90 38.89
15.20 1.90 38.87
15.20 1.90 38.87
15.17 1.88 38.89
15.17 1.91 38.94
15.17 1.93 38.92
15.20 1.90 38.89
15.17 1.88 38.92
15.20 1.93 38.89
15.20 1.96 38.92
15.17 1.88 38.89
15.20 1.93 38.89
15.20 1.93 38.87
15.19 1.93 38.94
15.20 1.93 38.89
15.20 1.90 38.89
15.17 1.93 38.87
15.20 1.90 38.87
15.20 1.90 38.89
15.19 1.93 38.97
15.14 1.91 38.92
15.17 1.93 38.89
15.17 1.88 38.92
15.20 1.93 38.92
15.23 1.93 38.89
15.17 1.90 38.87
15.17 1.90 38.87
15.23 1.90 38.89
15.15 1.90 38.90
15.20 1.93 38.92
15.17 1.91 38.92
15.15 1.90 38.90
15.20 1.90 38.89
15.17 1.91 38.92
15.17 1.93 38.92
15.17 1.93 38.89
15.20 1.93 38.89
15.17 1.90 38.89
15.17 1.90 38.89
15.17 1.93 38.89
15.17 1.90 38.89
15.17 1.90 38.89
15.17 1.90 38.89
15.20 1.91 38.92
15.20 1.91 38.92
15.20 1.90 38.89
15.23 1.93 38.89
15.20 1.90 38.89
15.20 1.91 38.92
15.20 1.93 38.92
15.17 1.93 38.87
15.17 1.90 38.89
15.20 1.85 38.87
15.22 1.93 38.94
15.20 1.91 38.92
15.17 1.93 38.89
15.15 1.90 38.87
15.15 1.90 38.90
15.20 1.93 38.89
15.17 1.91 38.94
15.20 1.90 38.89
15.17 1.90 38.89
15.17 1.88 38.89
15.20 1.91 38.92
15.17 1.91 38.94
15.17 1.90 38.89
15.17 1.90 38.89
15.20 1.90 38.89
15.17 1.93 38.94
15.17 1.93 38.89
15.20 1.93 38.89
15.20 1.90 38.87
15.20 1.90 38.89
15.20 1.93 38.92
15.20 1.93 38.89
15.17 1.93 38.89
15.17 1.93 38.89
15.20 1.91 38.92
15.20 1.91 38.94
15.19 1.93 38.94
15.20 1.93 38.89
15.17 1.88 38.87
15.17 1.93 38.89
15.17 1.91 38.94
15.17 1.90 38.89
15.20 1.90 38.89
15.17 1.93 38.89
15.17 1.90 38.89
15.20 1.91 38.92
15.19 1.93 38.94
15.20 1.91 38.92
15.17 1.93 38.89
15.17 1.90 38.89
15.20 1.93 38.92
15.17 1.93 38.89
15.17 1.90 38.87
15.17 1.90 38.87
15.15 1.90 38.90
15.20 1.93 38.89
15.17 1.93 38.89
15.20 1.88 38.89
15.15 1.90 38.85
15.20 1.90 38.89
15.20 1.93 38.92
15.22 1.88 38.94
15.20 1.90 38.89
15.17 1.90 38.89
15.17 1.88 38.89
15.20 1.88 38.94
15.17 1.93 38.92
15.17 1.90 38.89
15.17 1.90 38.87
15.22 1.88 38.91
15.20 1.91 38.92
15.23 1.90 38.87
15.23 1.93 38.87
15.20 1.88 38.87
15.15 1.90 38.87
15.22 1.91 38.92
15.17 1.93 38.92
15.17 1.90 38.89
15.17 1.88 38.89
15.15 1.90 38.90
15.20 1.91 38.94
15.19 1.93 38.94
15.17 1.93 38.92
15.17 1.93 38.89
15.20 1.88 38.92
15.20 1.93 38.92
15.20 1.93 38.92
15.20 1.96 38.89
15.14 1.91 38.92
15.23 1.90 38.89
15.17 1.91 38.94
15.17 1.93 38.94
15.20 1.93 38.89
15.15 1.90 38.90
15.17 1.90 38.89
15.20 1.88 38.94
15.20 1.93 38.92
15.20 1.93 38.89
15.17 1.90 38.87
15.20 1.90 38.87
15.22 1.88 38.94
15.20 1.91 38.94
15.23 1.93 38.89
15.20 1.90 38.87
15.20 1.90 38.89
15.20 1.88 38.92
15.20 1.93 38.92
15.17 1.93 38.89
15.20 1.93 38.87
15.17 1.85 38.89
15.20 1.93 38.92
15.20 1.91 38.92
15.20 1.93 38.89
15.20 1.88 38.87
15.17 1.90 38.89
15.17 1.90 38.89
15.17 1.91 38.94
15.23 1.96 38.87
15.20 1.90 38.87
15.20 1.93 38.89
15.19 1.93 38.94
15.20 1.88 38.94
15.17 1.93 38.89
15.20 1.88 38.89
15.20 1.90 38.87
15.22 1.93 38.92
15.19 1.96 38.97
15.20 1.93 38.87
15.20 1.90 38.87
15.17 1.91 38.92
15.22 1.91 38.94
15.17 1.93 38.94
15.20 1.93 38.89
15.17 1.93 38.87
15.15 1.90 38.90
15.20 1.88 38.89
15.20 1.93 38.92
15.17 1.91 38.92
15.17 1.90 38.87
15.17 1.90 38.89
15.17 1.93 38.92
15.19 1.93 38.94
15.20 1.91 38.92
15.20 1.90 38.89
15.17 1.90 38.89
15.17 1.91 38.94
15.17 1.91 38.92
15.17 1.91 38.92
15.17 1.90 38.87
15.20 1.90 38.89
15.20 1.90 38.89
15.20 1.91 38.94
15.20 1.88 38.92
15.17 1.88 38.87
15.15 1.90 38.87
15.20 1.91 38.94
15.20 1.93 38.89
15.20 1.96 38.89
15.20 1.93 38.87
15.20 1.90 38.87
15.20 1.91 38.94
15.17 1.91 38.92
15.17 1.96 38.90
15.20 1.93 38.84
15.20 1.93 38.89
15.20 1.88 38.92
15.20 1.93 38.92
15.20 1.96 38.89
15.20 1.90 38.87
15.17 1.88 38.89
15.20 1.91 38.92
15.22 1.93 38.92
15.20 1.93 38.89
15.15 1.90 38.85
15.17 1.90 38.87
15.22 1.91 38.94
15.17 1.91 38.94
15.17 1.90 38.87
15.17 1.93 38.87
15.20 1.90 38.89
15.20 1.91 38.92
15.19 1.93 38.94
15.22 1.93 38.92
15.20 1.90 38.87
15.17 1.93 38.89
15.20 1.91 38.92
15.17 1.91 38.92
15.17 1.91 38.92
15.17 1.93 38.87
15.20 1.93 38.87
15.20 1.91 38.92
15.20 1.91 38.92
15.23 1.88 38.89
15.20 1.88 38.84
15.17 1.88 38.89
15.20 1.88 38.89
15.17 1.93 38.92
15.20 1.93 38.89
15.20 1.93 38.84
15.17 1.88 38.87
15.20 1.93 38.92
15.17 1.88 38.92
15.20 1.91 38.92
15.17 1.93 38.87
15.17 1.90 38.89
15.20 1.91 38.94
15.19 1.93 38.94
15.20 1.90 38.89
15.20 1.90 38.87
15.17 1.88 38.89
15.20 1.93 38.89
15.20 1.90 38.89
15.17 1.90 38.89
15.17 1.88 38.87
15.20 1.90 38.89
15.20 1.91 38.92
15.17 1.93 38.94
15.20 1.93 38.89
15.20 1.90 38.89
15.20 1.88 38.89
15.20 1.88 38.94
15.14 1.91 38.92
15.20 1.90 38.87
15.17 1.93 38.89
15.20 1.90 38.87
15.20 1.93 38.92
15.20 1.93 38.92
15.20 1.90 38.89
15.17 1.90 38.87
15.20 1.85 38.92
15.20 1.91 38.92
15.20 1.88 38.92
15.20 1.90 38.89
15.20 1.90 38.89
15.20 1.90 38.87
15.20 1.93 38.89
15.17 1.91 38.92
15.14 1.91 38.95
15.17 1.90 38.89
15.20 1.88 38.89
15.20 1.90 38.89
15.20 1.91 38.92
15.20 1.93 38.89
15.20 1.90 38.89
15.20 1.93 38.89
15.20 1.93 38.89
15.20 1.93 38.92
15.20 1.93 38.89
15.17 1.93 38.87
15.20 1.93 38.89
15.20 1.91 38.92
15.22 1.93 38.92
15.20 1.93 38.89
15.20 1.88 38.87
15.20 1.88 38.87
15.20 1.91 38.92
15.19 1.96 38.94
15.15 1.96 38.90
15.23 1.90 38.87
15.17 1.88 38.89
15.17 1.91 38.92
15.19 1.93 38.94
15.17 1.93 38.89
15.15 1.90 38.90
15.17 1.90 38.89
15.19 1.93 38.94
15.19 1.93 38.94
15.20 1.96 38.92
15.20 1.93 38.87
15.20 1.93 38.92
15.20 1.91 38.92
15.20 1.91 38.94
15.14 1.93 38.92
15.17 1.90 38.87
15.20 1.90 38.87
15.17 1.91 38.92
15.17 1.91 38.94
15.20 1.96 38.92
15.17 1.90 38.87
15.15 1.90 38.90
15.17 1.91 38.92
15.17 1.93 38.94
15.20 1.90 38.89
15.17 1.90 38.89
15.20 1.93 38.89
15.20 1.93 38.92
15.19 1.96 38.94
15.20 1.93 38.92
15.17 1.88 38.87
15.20 1.85 38.87
15.20 1.93 38.92
15.17 1.93 38.92
15.17 1.93 38.89
15.20 1.90 38.89
15.20 1.91 38.92
15.20 1.90 38.87
15.20 1.93 38.92
15.17 1.88 38.92
15.20 1.93 38.87
15.20 1.93 38.89
15.20 1.91 38.92
15.20 1.91 38.92
15.15 1.90 38.90
15.17 1.90 38.89
15.17 1.88 38.89
15.20 1.93 38.92
15.17 1.91 38.92
15.20 1.91 38.92
15.17 1.90 38.87
15.17 1.88 38.92
15.20 1.93 38.92
15.17 1.91 38.94
15.17 1.90 38.87
15.17 1.90 38.87
15.17 1.88 38.89
15.20 1.91 38.92
15.20 1.93 38.92
15.20 1.93 38.87
15.20 1.88 38.87
15.20 1.90 38.89
15.20 1.91 38.92
15.17 1.91 38.92
15.17 1.91 38.92
15.17 1.90 38.87
15.20 1.90 38.89
15.20 1.88 38.92
15.20 1.93 38.92
15.20 1.93 38.89
15.17 1.90 38.87
15.17 1.88 38.89
15.20 1.88 38.89
15.17 1.93 38.92
15.20 1.93 38.89
15.23 1.90 38.89
15.20 1.90 38.87
15.20 1.93 38.92
15.17 1.91 38.92
15.20 1.90 38.89
15.17 1.90 38.89
15.20 1.88 38.89
15.22 1.93 38.94
15.20 1.93 38.92
15.20 1.90 38.89
15.20 1.90 38.89
15.17 1.90 38.89
15.20 1.90 38.89
15.22 1.91 38.92
15.20 1.90 38.89
15.20 1.90 38.87
15.20 1.90 38.89
15.23 1.90 38.89
15.20 1.91 38.94
15.20 1.93 38.89
15.23 1.88 38.87
15.20 1.90 38.89
15.20 1.88 38.92
15.20 1.91 38.94
15.17 1.90 38.89
15.17 1.90 38.87
15.20 1.93 38.89
15.22 1.91 38.92
15.20 1.93 38.92
15.22 1.93 38.92
15.23 1.90 38.87
15.23 1.88 38.87
15.20 1.90 38.89
15.22 1.96 38.92
15.20 1.93 38.87
15.20 1.90 38.87
15.20 1.88 38.89
15.20 1.90 38.87
15.19 1.93 38.94
15.17 1.91 38.92
15.17 1.93 38.89
15.20 1.90 38.89
15.20 1.91 38.92
15.17 1.93 38.92
15.17 1.93 38.87
15.17 1.93 38.87
15.17 1.90 38.87
15.20 1.91 38.92
15.17 1.91 38.94
15.20 1.90 38.89
15.20 1.88 38.87
15.20 1.90 38.89
15.22 1.91 38.94
15.19 1.93 38.94
15.17 1.90 38.87
15.20 1.90 38.89
15.23 1.88 38.89
15.20 1.88 38.89
15.17 1.93 38.92
15.17 1.93 38.89
15.20 1.90 38.89
15.20 1.90 38.89
15.17 1.91 38.92
15.17 1.96 38.90
15.22 1.93 38.92
15.20 1.90 38.87
15.17 1.91 38.92
15.17 1.88 38.92
15.17 1.91 38.92
15.17 1.90 38.87
15.17 1.88 38.87
15.20 1.90 38.89
15.20 1.91 38.92
15.17 1.91 38.92
15.22 1.93 38.92
15.17 1.90 38.87
15.17 1.88 38.89
15.17 1.93 38.92
15.22 1.93 38.94
15.17 1.90 38.89
15.17 1.93 38.87
15.20 1.93 38.87
15.20 1.91 38.92
15.19 1.93 38.94
15.20 1.96 38.92
15.17 1.93 38.89
15.17 1.93 38.87
15.20 1.93 38.89
15.20 1.91 38.92
15.20 1.93 38.92
15.17 1.93 38.89
15.17 1.90 38.87
15.14 1.91 38.92
15.20 1.91 38.94
15.17 1.93 38.89
15.18 1.93 38.85
15.20 1.90 38.87
15.20 1.88 38.89
15.19 1.93 38.94
15.17 1.91 38.92
15.15 1.90 38.90
15.20 1.88 38.89
15.20 1.91 38.92
15.17 1.91 38.94
15.17 1.90 38.87
15.17 1.93 38.89
15.17 1.90 38.89
15.15 1.90 38.90
15.17 1.93 38.92
15.17 1.90 38.89
15.17 1.88 38.87
15.20 1.93 38.87
15.20 1.90 38.89
15.17 1.88 38.92
15.20 1.90 38.89
15.20 1.90 38.89
15.20 1.93 38.89
15.19 1.93 38.94
15.17 1.93 38.94
15.20 1.90 38.89
15.18 1.88 38.84
15.12 1.88 38.87
15.20 1.88 38.92
15.19 1.96 38.94
15.20 1.88 38.89
15.20 1.90 38.89
15.17 1.90 38.89
15.22 1.93 38.92
15.20 1.93 38.92
15.20 1.91 38.92
15.17 1.93 38.89
15.20 1.90 38.87
15.20 1.88 38.92
15.17 1.93 38.94
15.17 1.93 38.92
15.17 1.96 38.87
15.20 1.90 38.89
15.23 1.88 38.89
15.22 1.93 38.92
15.20 1.91 38.92
15.20 1.93 38.92
15.17 1.90 38.87
15.20 1.91 38.94
15.20 1.91 38.92
15.23 1.93 38.89
15.17 1.93 38.89
15.23 1.90 38.87
15.20 1.90 38.89
15.22 1.91 38.92
15.20 1.93 38.92
15.15 1.93 38.87
15.17 1.90 38.89
15.15 1.90 38.90
15.17 1.93 38.94
15.17 1.93 38.92
15.17 1.88 38.87
15.17 1.93 38.92
15.20 1.93 38.89
15.20 1.90 38.89
15.14 1.96 38.92
15.15 1.93 38.90
15.20 1.88 38.89
15.22 1.93 38.94
15.19 1.93 38.94
15.17 1.96 38.92
15.17 1.90 38.87
15.17 1.90 38.87
15.22 1.93 38.92
15.17 1.93 38.92
15.17 1.93 38.89
15.20 1.90 38.84
15.20 1.90 38.89
15.20 1.91 38.92
15.19 1.93 38.94
15.20 1.93 38.89
15.17 1.93 38.89
15.20 1.93 38.89
15.20 1.91 38.92
15.17 1.93 38.92
15.20 1.93 38.92
15.17 1.93 38.89
15.20 1.90 38.89
15.22 1.96 38.92
15.19 1.96 38.94
15.17 1.93 38.89
15.20 1.93 38.87
15.20 1.93 38.87
15.20 1.91 38.92
15.19 1.93 38.94
15.17 1.93 38.89
15.20 1.93 38.89
15.17 1.93 38.89
15.20 1.91 38.92
15.20 1.91 38.94
15.17 1.90 38.89
15.20 1.93 38.89
15.17 1.88 38.89
15.20 1.90 38.89
15.20 1.91 38.94
15.15 1.90 38.90
15.20 1.93 38.89
15.17 1.91 38.92
15.20 1.93 38.92
15.20 1.90 38.89
15.20 1.93 38.89
15.20 1.93 38.87
15.20 1.90 38.89
15.20 1.91 38.92
15.20 1.93 38.92
15.20 1.93 38.92
15.17 1.90 38.89
15.23 1.90 38.87
15.20 1.91 38.92
15.17 1.91 38.94
15.17 1.88 38.89
15.17 1.90 38.87
15.20 1.90 38.89
15.20 1.90 38.89
15.22 1.93 38.94
15.17 1.91 38.92
15.17 1.90 38.87
15.17 1.85 38.89
15.20 1.90 38.89
15.20 1.91 38.94
15.17 1.91 38.92
15.20 1.90 38.84
15.20 1.90 38.89
15.22 1.93 38.92
15.20 1.91 38.92
15.17 1.90 38.89
15.17 1.93 38.87
15.17 1.88 38.92
15.17 1.93 38.89
15.20 1.93 38.92
15.23 1.93 38.89
15.20 1.93 38.87
15.23 1.90 38.89
15.20 1.90 38.89
15.20 1.91 38.94
15.17 1.93 38.89
15.17 1.90 38.89
15.17 1.90 38.87
15.17 1.90 38.89
15.20 1.91 38.92
15.17 1.93 38.92
15.17 1.96 38.90
15.17 1.90 38.87
15.17 1.91 38.92
15.20 1.91 38.94
15.23 1.90 38.89
15.20 1.90 38.89
15.17 1.90 38.87
15.20 1.90 38.89
15.20 1.91 38.92
15.17 1.91 38.92
15.17 1.93 38.89
15.17 1.88 38.89
15.17 1.88 38.92
15.20 1.93 38.92
15.15 1.93 38.90
15.17 1.90 38.87
15.20 1.90 38.87
15.20 1.91 38.92
15.19 1.93 38.94
15.17 1.93 38.89
15.17 1.90 38.87
15.17 1.88 38.89
15.20 1.91 38.92
15.20 1.91 38.94
15.17 1.91 38.92
15.23 1.90 38.87
15.20 1.88 38.87
15.23 1.88 38.89
15.20 1.91 38.94
15.20 1.93 38.89
15.20 1.93 38.87
15.20 1.90 38.87
15.20 1.91 38.92
15.20 1.91 38.94
15.20 1.91 38.92
15.20 1.93 38.84
15.23 1.90 38.89
15.20 1.90 38.89
15.20 1.91 38.92
15.14 1.91 38.92
15.20 1.90 38.87
15.17 1.90 38.89
15.17 1.90 38.89
15.20 1.96 38.92
15.20 1.93 38.89
15.20 1.96 38.89
15.20 1.90 38.87
15.20 1.88 38.92
15.20 1.91 38.92
15.17 1.96 38.92
15.17 1.93 38.87
15.20 1.88 38.87
15.20 1.91 38.92
15.20 1.91 38.94
15.20 1.93 38.89
15.17 1.90 38.87
15.20 1.90 38.87
15.17 1.93 38.89
15.17 1.96 38.94
15.20 1.91 38.92
15.17 1.90 38.89
15.20 1.93 38.89
15.20 1.93 38.92
15.20 1.96 38.92
15.20 1.93 38.89
15.20 1.93 38.89
15.20 1.90 38.87
15.17 1.91 38.92
15.20 1.91 38.94
15.20 1.91 38.92
15.17 1.93 38.89
15.17 1.93 38.87
15.22 1.91 38.92
15.20 1.91 38.94
15.20 1.93 38.92
15.20 1.90 38.89
15.17 1.90 38.89
15.20 1.93 38.92
15.19 1.93 38.94
15.17 1.91 38.92
15.15 1.90 38.87
15.17 1.88 38.89
15.17 1.88 38.94
15.20 1.93 38.89
15.17 1.93 38.89
15.17 1.96 38.87
15.17 1.88 38.87
15.20 1.85 38.89
15.17 1.93 38.92
15.17 1.90 38.89
15.18 1.90 38.85
15.20 1.90 38.87
15.22 1.88 38.91
15.20 1.90 38.89
15.17 1.91 38.92
15.17 1.90 38.89
15.17 1.90 38.87
15.17 1.88 38.89
15.20 1.91 38.94
15.20 1.93 38.92
15.17 1.93 38.89
15.20 1.90 38.89
15.20 1.90 38.89
15.20 1.96 38.92
15.20 1.91 38.92
15.17 1.93 38.89
15.17 1.90 38.87
15.17 1.93 38.92
15.14 1.93 38.92
15.17 1.91 38.92
15.17 1.90 38.87
15.14 1.91 38.92
15.17 1.90 38.89
15.17 1.93 38.92
15.20 1.91 38.92
15.17 1.90 38.87
15.17 1.90 38.89
15.20 1.88 38.92
15.20 1.93 38.92
15.20 1.93 38.92
15.17 1.90 38.87
15.17 1.91 38.92
15.17 1.88 38.89
15.17 1.91 38.92
15.17 1.90 38.89
15.17 1.93 38.87
15.17 1.90 38.89
15.20 1.93 38.92
15.20 1.93 38.92
15.17 1.93 38.92
15.17 1.93 38.89
15.17 1.90 38.87
15.20 1.88 38.92
15.20 1.93 38.92
15.17 1.96 38.92
15.20 1.90 38.87
15.17 1.90 38.89
15.20 1.91 38.92
15.19 1.93 38.94
15.17 1.96 38.90
15.17 1.90 38.89
15.17 1.90 38.89
15.17 1.93 38.89
15.17 1.90 38.89
15.17 1.93 38.92
15.15 1.93 38.90
15.17 1.88 38.87
15.17 1.91 38.92
15.17 1.91 38.92
15.17 1.91 38.92
15.15 1.93 38.87
15.20 1.90 38.87
15.20 1.93 38.92
15.22 1.91 38.92
15.22 1.91 38.92
15.17 1.93 38.89
15.17 1.90 38.89
15.17 1.88 38.92
15.17 1.91 38.94
15.17 1.88 38.94
15.20 1.93 38.87
15.18 1.88 38.84
15.20 1.90 38.89
15.22 1.91 38.92
15.23 1.90 38.87
15.20 1.90 38.87
15.17 1.90 38.87
15.20 1.90 38.87
15.20 1.91 38.92
15.17 1.93 38.89
15.20 1.90 38.89
15.17 1.88 38.87
15.20 1.91 38.92
15.17 1.91 38.94
15.20 1.91 38.92
15.20 1.93 38.87
15.20 1.88 38.89
15.20 1.93 38.92
15.19 1.91 38.97
15.17 1.93 38.92
15.15 1.93 38.87
15.17 1.90 38.89
15.20 1.88 38.92
15.17 1.93 38.94
15.20 1.91 38.92
15.17 1.93 38.89
15.17 1.90 38.87
15.19 1.93 38.94
15.20 1.91 38.94
15.20 1.90 38.89
15.17 1.93 38.89
15.20 1.88 38.89
15.20 1.90 38.89
15.17 1.91 38.92
15.20 1.91 38.92
15.17 1.93 38.87
15.20 1.85 38.89
15.20 1.91 38.92
15.20 1.93 38.89
15.20 1.91 38.92
15.20 1.90 38.87
15.20 1.90 38.87
15.20 1.88 38.89
15.20 1.93 38.92
15.22 1.91 38.94
15.17 1.93 38.87
15.17 1.93 38.92
15.20 1.90 38.89
15.22 1.93 38.92
15.17 1.91 38.92
15.20 1.93 38.87
15.18 1.93 38.85
15.20 1.93 38.87
15.19 1.93 38.94
15.17 1.90 38.89
15.17 1.90 38.89
15.20 1.88 38.89
15.17 1.88 38.92
15.22 1.88 38.94
15.19 1.93 38.94
15.23 1.90 38.89
15.20 1.90 38.87
15.20 1.90 38.89
15.19 1.93 38.94
15.20 1.93 38.92
15.15 1.90 38.87
15.20 1.90 38.87
15.20 1.91 38.92
15.17 1.88 38.92
15.17 1.91 38.92
15.17 1.93 38.87
15.17 1.90 38.87
15.20 1.88 38.89
15.17 1.93 38.92
15.20 1.93 38.92
15.18 1.93 38.85
15.18 1.90 38.85
15.17 1.88 38.89
15.20 1.91 38.92
15.20 1.93 38.92
15.17 1.90 38.87
15.17 1.88 38.92
15.20 1.93 38.89
15.19 1.93 38.94
15.20 1.93 38.92
15.17 1.93 38.87
15.20 1.93 38.89
15.23 1.88 38.87
15.19 1.93 38.94
15.20 1.93 38.89
15.18 1.93 38.85
15.15 1.90 38.87
15.20 1.91 38.92
15.19 1.93 38.94
15.17 1.90 38.89
15.23 1.90 38.87
15.17 1.93 38.87
15.20 1.90 38.89
15.20 1.88 38.92
15.20 1.93 38.89
15.20 1.96 38.87
15.17 1.90 38.87
15.22 1.91 38.92
15.19 1.93 38.94
15.20 1.91 38.94
15.20 1.90 38.89
15.20 1.90 38.89
15.20 1.91 38.92
15.20 1.91 38.92
15.17 1.93 38.89
15.17 1.90 38.89
15.15 1.93 38.90
15.20 1.93 38.89
15.20 1.93 38.92
15.20 1.93 38.89
15.20 1.93 38.87
15.20 1.90 38.87
15.20 1.93 38.92
15.20 1.93 38.92
15.17 1.96 38.92
15.17 1.90 38.87
15.20 1.90 38.89
15.20 1.93 38.89
15.17 1.91 38.92
15.20 1.90 38.89
15.15 1.93 38.90
15.17 1.90 38.89
15.17 1.90 38.87
15.20 1.91 38.92
15.17 1.96 38.92
15.20 1.90 38.89
15.17 1.90 38.87
15.17 1.90 38.89
15.22 1.96 38.94
15.17 1.91 38.92
15.20 1.90 38.89
15.17 1.93 38.92
15.17 1.91 38.92
15.17 1.91 38.92
15.17 1.93 38.92
15.17 1.90 38.89
15.17 1.90 38.87
15.17 1.91 38.92
15.17 1.93 38.94
15.20 1.90 38.89
15.17 1.93 38.89
15.20 1.90 38.89
15.22 1.88 38.91
15.20 1.91 38.94
15.17 1.93 38.94
15.20 1.93 38.89
15.17 1.90 38.89
15.17 1.91 38.92
15.17 1.91 38.92
15.17 1.91 38.92
15.17 1.93 38.89
15.20 1.93 38.89
15.17 1.91 38.92
15.19 1.96 38.94
15.17 1.90 38.89
15.15 1.93 38.90
15.17 1.90 38.87
15.20 1.93 38.87
15.20 1.91 38.94
15.14 1.93 38.92
15.15 1.90 38.90
15.17 1.93 38.87
15.17 1.90 38.87
15.19 1.93 38.94
15.20 1.93 38.92
15.20 1.90 38.87
15.20 1.90 38.89
15.20 1.91 38.94
15.20 1.90 38.89
15.22 1.91 38.92
15.23 1.90 38.89
15.20 1.93 38.89
15.23 1.90 38.89
15.20 1.91 38.92
15.20 1.91 38.92
15.20 1.88 38.89
15.17 1.88 38.87
15.20 1.88 38.89
15.20 1.91 38.94
15.20 1.91 38.92
15.15 1.90 38.90
15.20 1.90 38.87
15.20 1.90 38.89
15.20 1.93 38.92
15.20 1.93 38.92
15.20 1.90 38.89
15.17 1.90 38.89
15.17 1.90 38.89
15.20 1.93 38.89
15.17 1.96 38.92
15.20 1.91 38.92
15.17 1.93 38.87
15.20 1.93 38.89
15.20 1.91 38.92
15.20 1.93 38.92
15.17 1.93 38.89
15.17 1.90 38.87
15.20 1.90 38.89
15.20 1.96 38.92
15.17 1.93 38.92
15.17 1.96 38.87
15.17 1.93 38.87
15.22 1.91 38.92
15.20 1.96 38.92
15.20 1.91 38.92
15.17 1.93 38.89
15.15 1.88 38.90
15.20 1.91 38.92
15.22 1.93 38.92
15.20 1.91 38.92
15.20 1.90 38.87
15.17 1.90 38.87
15.22 1.91 38.92
15.20 1.93 38.92
15.20 1.88 38.92
15.17 1.93 38.87
15.17 1.93 38.87
15.20 1.90 38.89
15.17 1.90 38.89
15.20 1.90 38.89
15.20 1.93 38.89
15.17 1.90 38.89
15.17 1.88 38.89
15.17 1.91 38.92
15.22 1.91 38.92
15.17 1.90 38.87
15.20 1.90 38.87
15.20 1.88 38.89
15.17 1.93 38.94
15.17 1.93 38.92
15.17 1.93 38.87
15.17 1.90 38.87
15.17 1.93 38.89
15.22 1.91 38.92
15.17 1.91 38.92
15.20 1.90 38.89
15.20 1.88 38.87
15.20 1.90 38.89
15.20 1.93 38.92
15.17 1.90 38.89
15.17 1.93 38.87
15.17 1.88 38.87
15.17 1.90 38.89
15.17 1.93 38.92
15.20 1.93 38.92
15.20 1.90 38.89
15.20 1.90 38.87
15.20 1.91 38.92
15.22 1.91 38.92
15.20 1.90 38.89
15.17 1.90 38.87
15.23 1.90 38.89
15.20 1.90 38.87
15.17 1.91 38.94
15.20 1.91 38.94
15.17 1.93 38.87
15.20 1.93 38.87
15.20 1.93 38.89
15.17 1.91 38.92
15.17 1.93 38.89
15.17 1.90 38.87
15.17 1.90 38.87
15.17 1.91 38.92
15.17 1.91 38.92
15.17 1.93 38.92
15.17 1.90 38.89
15.17 1.90 38.87
15.20 1.88 38.89
15.17 1.93 38.92
15.17 1.93 38.89
15.17 1.96 38.90
15.20 1.88 38.89
15.20 1.88 38.89
15.20 1.93 38.92
15.20 1.93 38.89
15.20 1.90 38.84
15.20 1.90 38.87
15.20 1.90 38.89
15.22 1.93 38.92
15.20 1.91 38.92
15.17 1.93 38.89
15.20 1.90 38.87
15.14 1.88 38.92
15.17 1.93 38.92
15.20 1.93 38.92
15.17 1.88 38.89
15.15 1.90 38.90
15.20 1.88 38.89
15.20 1.93 38.92
15.17 1.91 38.92
15.20 1.88 38.87
15.17 1.90 38.87
15.17 1.91 38.92
15.20 1.91 38.94
15.17 1.88 38.92
15.20 1.93 38.87
15.20 1.88 38.87
15.20 1.93 38.89
15.20 1.91 38.92
15.17 1.90 38.89
15.17 1.90 38.89
15.20 1.88 38.87
15.23 1.93 38.89
15.19 1.93 38.94
15.17 1.90 38.89
15.17 1.93 38.87
15.17 1.90 38.87
15.23 1.90 38.89
15.22 1.88 38.94
15.20 1.91 38.92
15.20 1.90 38.89
15.17 1.90 38.89
15.17 1.90 38.89
15.17 1.96 38.94
15.19 1.96 38.94
15.20 1.93 38.89
15.17 1.93 38.87
15.23 1.93 38.89
15.22 1.91 38.94
15.14 1.91 38.95
15.20 1.88 38.89
15.20 1.90 38.89
15.20 1.88 38.92
15.20 1.91 38.94
15.17 1.91 38.92
15.17 1.93 38.87
15.15 1.88 38.85
15.20 1.90 38.89
15.17 1.88 38.89
15.20 1.91 38.92
15.20 1.90 38.89
15.15 1.88 38.90
15.17 1.88 38.92
15.20 1.91 38.92
15.20 1.93 38.89
15.17 1.93 38.89
15.18 1.90 38.85
15.20 1.88 38.89
15.17 1.88 38.89
15.17 1.93 38.92
15.20 1.90 38.84
15.15 1.90 38.87
15.22 1.88 38.91
15.20 1.88 38.92
15.22 1.93 38.92
15.17 1.90 38.87
15.23 1.90 38.87
15.20 1.88 38.89
15.17 1.90 38.89
15.20 1.96 38.92
15.17 1.93 38.87
15.17 1.90 38.87
15.17 1.90 38.89
15.17 1.93 38.89
15.17 1.91 38.92
15.17 1.93 38.89
15.15 1.88 38.87
15.20 1.88 38.89
15.20 1.91 38.92
15.17 1.91 38.92
15.15 1.93 38.87
15.17 1.88 38.87
15.20 1.93 38.87
15.17 1.93 38.97
15.20 1.93 38.92
15.17 1.96 38.90
15.15 1.90 38.87
15.15 1.88 38.90
15.20 1.93 38.92
15.17 1.91 38.92
15.17 1.93 38.87
15.17 1.90 38.87
15.20 1.91 38.92
15.17 1.91 38.94
15.20 1.93 38.92
15.20 1.90 38.89
15.17 1.88 38.89
15.17 1.90 38.89
15.20 1.88 38.92
15.17 1.93 38.92
15.17 1.93 38.89
15.17 1.93 38.89
15.17 1.93 38.89
15.17 1.91 38.92
15.17 1.93 38.94
15.17 1.91 38.92
15.20 1.90 38.87
15.22 1.88 38.91
15.23 1.90 38.89
15.20 1.93 38.92
15.17 1.90 38.87
15.20 1.90 38.87
15.23 1.93 38.89
15.20 1.93 38.92
15.20 1.91 38.92
15.17 1.90 38.87
15.17 1.90 38.89
15.23 1.90 38.89
15.17 1.91 38.94
15.20 1.93 38.89
15.20 1.93 38.89
15.15 1.90 38.90
15.17 1.90 38.89
15.20 1.93 38.92
15.14 1.93 38.92
15.20 1.93 38.87
15.17 1.90 38.89
15.20 1.90 38.89
15.19 1.93 38.94
15.17 1.91 38.92
15.15 1.90 38.90
15.20 1.88 38.87
15.22 1.93 38.92
15.19 1.93 38.97
15.20 1.93 38.92
15.17 1.93 38.89
15.17 1.93 38.89
15.14 1.91 38.92
15.17 1.88 38.92
15.20 1.90 38.89
15.17 1.93 38.87
15.17 1.90 38.87
15.17 1.90 38.89
15.20 1.88 38.92
15.20 1.91 38.92
15.17 1.93 38.89
15.17 1.90 38.89
15.17 1.90 38.89
15.17 1.91 38.94
15.17 1.91 38.92
15.15 1.93 38.90
15.15 1.88 38.87
15.17 1.90 38.89
15.22 1.96 38.92
15.20 1.93 38.92
15.20 1.93 38.92
15.17 1.90 38.89
15.20 1.88 38.87
15.20 1.93 38.89
15.20 1.93 38.92
15.20 1.93 38.89
15.17 1.93 38.87
15.17 1.91 38.92
15.20 1.88 38.92
15.17 1.93 38.92
15.20 1.93 38.89
15.20 1.90 38.89
15.20 1.93 38.92
15.14 1.93 38.92
15.17 1.93 38.92
15.17 1.96 38.90
15.17 1.93 38.89
15.20 1.90 38.87
15.17 1.93 38.94
15.20 1.91 38.94
15.15 1.93 38.90
15.17 1.93 38.87
15.20 1.91 38.92
15.17 1.93 38.92
15.20 1.93 38.89
15.17 1.93 38.89
15.17 1.93 38.87
15.20 1.88 38.89
15.20 1.91 38.94
15.17 1.91 38.92
15.20 1.96 38.89
15.17 1.93 38.92
15.17 1.91 38.92
15.20 1.91 38.92
15.22 1.93 38.94
15.20 1.90 38.89
15.17 1.93 38.87
15.20 1.88 38.87
15.20 1.91 38.94
15.20 1.93 38.92
15.20 1.93 38.89
15.20 1.90 38.89
15.20 1.90 38.89
15.17 1.91 38.92
15.17 1.91 38.94
15.20 1.90 38.89
15.20 1.90 38.89
15.20 1.90 38.89
15.20 1.88 38.94
15.20 1.93 38.89
15.17 1.93 38.89
15.17 1.90 38.89
15.17 1.91 38.92
15.20 1.91 38.92
15.20 1.88 38.92
15.20 1.90 38.89
15.17 1.93 38.87
15.20 1.90 38.89
15.17 1.91 38.94
15.17 1.91 38.92
15.17 1.96 38.92
15.15 1.93 38.87
15.17 1.90 38.89
15.17 1.93 38.94
15.14 1.91 38.92
15.20 1.93 38.92
15.20 1.88 38.87
15.17 1.93 38.89
15.20 1.91 38.92
15.19 1.93 38.94
15.15 1.93 38.90
15.17 1.90 38.87
15.20 1.93 38.89
15.19 1.93 38.94
15.19 1.93 38.94
15.20 1.93 38.89
15.17 1.90 38.87
15.17 1.88 38.89
15.20 1.88 38.92
15.17 1.91 38.94
15.20 1.93 38.87
15.17 1.88 38.87
15.20 1.90 38.89
15.22 1.93 38.94
15.22 1.93 38.92
15.20 1.93 38.89
15.17 1.93 38.87
15.20 1.88 38.87
15.20 1.91 38.92
15.20 1.91 38.92
15.17 1.90 38.87
15.17 1.93 38.87
15.15 1.88 38.90
15.17 1.91 38.94
15.20 1.93 38.92
15.20 1.93 38.89
15.20 1.93 38.87
15.17 1.93 38.89
15.20 1.91 38.92
15.20 1.91 38.94
15.20 1.93 38.92
15.23 1.90 38.89
15.20 1.88 38.89
15.22 1.88 38.91
15.20 1.93 38.92
15.20 1.99 38.89
15.20 1.90 38.84
15.15 1.90 38.90
15.17 1.91 38.92
15.17 1.91 38.94
15.20 1.90 38.89
15.17 1.93 38.89
15.17 1.90 38.89
15.17 1.91 38.92
15.20 1.93 38.92
15.17 1.90 38.89
15.20 1.90 38.89
15.22 1.91 38.92
15.23 1.90 38.89
15.17 1.93 38.92
15.15 1.93 38.87
15.20 1.90 38.87
15.20 1.91 38.92
15.20 1.93 38.92
15.20 1.93 38.89
15.17 1.93 38.89
15.17 1.93 38.87
15.20 1.93 38.89
15.20 1.90 38.89
15.20 1.91 38.92
15.23 1.90 38.89
15.20 1.93 38.84
15.20 1.90 38.89
15.14 1.93 38.95
15.20 1.91 38.94
15.17 1.93 38.89
15.17 1.88 38.87
15.20 1.88 38.87
15.20 1.91 38.92
15.17 1.93 38.92
15.22 1.93 38.92
15.17 1.90 38.89
15.20 1.90 38.89
15.17 1.88 38.92
15.20 1.96 38.92
15.20 1.93 38.92
15.17 1.93 38.89
15.20 1.91 38.92
15.22 1.91 38.94
15.17 1.91 38.94
15.20 1.93 38.87
15.20 1.93 38.87
15.20 1.90 38.89
15.20 1.91 38.92
15.20 1.96 38.89
15.15 1.90 38.90
15.20 1.90 38.87
15.17 1.88 38.89
15.20 1.90 38.89
15.20 1.88 38.89
15.20 1.93 38.89
15.17 1.90 38.87
15.17 1.90 38.89
15.17 1.90 38.89
15.20 1.96 38.92
15.20 1.90 38.89
15.20 1.93 38.84
15.17 1.93 38.87
15.17 1.93 38.92
15.17 1.90 38.89
15.17 1.93 38.89
15.17 1.93 38.89
15.20 1.88 38.89
15.20 1.96 38.92
15.20 1.90 38.89
15.20 1.93 38.87
15.23 1.90 38.87
15.20 1.88 38.89
