-0.96 -0.41 77.56
-0.95 -0.45 77.57
-0.96 -0.44 77.56
-0.96 -0.43 77.59
-0.93 -0.45 77.55
-0.97 -0.43 77.59
-0.93 -0.47 77.56
-0.96 -0.47 77.55
-0.96 -0.43 77.57
-0.95 -0.45 77.56
-0.96 -0.45 77.59
-0.93 -0.48 77.56
-0.96 -0.45 77.57
-0.93 -0.47 77.57
-0.95 -0.44 77.53
-0.96 -0.41 77.59
-0.95 -0.48 77.56
-0.96 -0.43 77.55
-0.95 -0.47 77.57
-0.95 -0.45 77.53
-0.96 -0.43 77.59
-0.95 -0.45 77.56
-0.95 -0.41 77.56
-0.95 -0.44 77.56
-0.95 -0.41 77.56
-0.96 -0.45 77.57
-0.95 -0.43 77.55
-0.95 -0.44 77.57
-0.95 -0.45 77.59
-0.96 -0.45 77.55
-0.95 -0.43 77.59
-0.93 -0.45 77.53
-0.93 -0.41 77.55
-0.93 -0.44 77.56
-0.93 -0.44 77.56
-0.97 -0.41 77.57
-0.95 -0.47 77.56
-0.96 -0.41 77.56
-0.96 -0.45 77.56
-0.93 -0.47 77.55
-0.95 -0.40 77.56
-0.95 -0.45 77.53
-0.95 -0.44 77.55
-0.96 -0.45 77.56
-0.96 -0.44 77.57
-0.96 -0.41 77.59
-0.95 -0.45 77.56
-0.96 -0.44 77.57
-0.93 -0.44 77.56
-0.93 -0.44 77.59
-0.97 -0.43 77.59
-0.95 -0.45 77.52
-0.96 -0.43 77.56
-0.93 -0.45 77.56
-0.95 -0.43 77.56
-0.97 -0.44 77.57
-0.93 -0.48 77.55
-0.97 -0.43 77.59
-0.92 -0.44 77.56
-0.95 -0.44 77.55
-0.95 -0.45 77.59
-0.95 -0.44 77.53
-0.96 -0.43 77.59
-0.96 -0.41 77.56
-0.95 -0.41 77.56
-0.97 -0.45 77.59
-0.95 -0.47 77.53
-0.97 -0.43 77.59
-0.92 -0.44 77.56
-0.93 -0.41 77.55
-0.96 -0.41 77.59
-0.95 -0.44 77.55
-0.96 -0.44 77.56
-0.95 -0.45 77.53
-0.95 -0.47 77.57
-0.96 -0.47 77.60
-0.95 -0.44 77.52
-0.97 -0.43 77.59
-0.95 -0.45 77.53
-0.95 -0.44 77.59
-0.96 -0.45 77.57
-0.93 -0.45 77.55
-0.96 -0.41 77.60
-0.93 -0.45 77.56
-0.95 -0.41 77.56
-0.95 -0.44 77.57
-0.93 -0.44 77.56
-0.97 -0.39 77.57
-0.92 -0.48 77.56
-0.95 -0.40 77.59
-0.93 -0.47 77.57
-0.93 -0.43 77.55
-0.96 -0.40 77.59
-0.92 -0.43 77.56
-0.96 -0.44 77.57
-0.97 -0.45 77.57
-0.95 -0.48 77.53
-0.96 -0.41 77.61
-0.95 -0.45 77.56
-0.96 -0.44 77.57
-0.91 -0.45 77.56
-0.91 -0.43 77.56
-0.95 -0.41 77.57
-0.93 -0.44 77.55
-0.95 -0.44 77.57
-0.95 -0.44 77.59
-0.93 -0.44 77.55
-0.95 -0.45 77.57
-0.93 -0.47 77.55
-0.95 -0.45 77.57
-0.92 -0.44 77.57
-0.93 -0.47 77.55
-0.96 -0.45 77.59
-0.93 -0.47 77.55
-0.95 -0.41 77.57
-0.92 -0.47 77.57
-0.95 -0.43 77.56
-0.95 -0.44 77.59
-0.95 -0.44 77.55
-0.95 -0.39 77.57
-0.95 -0.43 77.56
-0.93 -0.44 77.55
-0.97 -0.43 77.59
-0.95 -0.43 77.56
-0.96 -0.41 77.60
-0.96 -0.44 77.56
-0.95 -0.41 77.56
-0.99 -0.44 77.59
-0.93 -0.45 77.55
-0.95 -0.44 77.60
-0.93 -0.44 77.55
-0.92 -0.44 77.55
-0.95 -0.45 77.60
-0.93 -0.44 77.53
-0.96 -0.44 77.59
-0.95 -0.43 77.57
-0.95 -0.47 77.59
-0.95 -0.44 77.60
-0.93 -0.44 77.57
-0.95 -0.41 77.57
-0.95 -0.44 77.57
-0.93 -0.45 77.56
-0.97 -0.41 77.60
-0.92 -0.44 77.53
-0.95 -0.41 77.57
-0.95 -0.45 77.56
-0.93 -0.43 77.57
-0.97 -0.45 77.59
-0.92 -0.44 77.55
-0.97 -0.45 77.60
-0.93 -0.44 77.56
-0.95 -0.41 77.57
-0.95 -0.43 77.59
-0.95 -0.44 77.56
-0.96 -0.43 77.59
-0.93 -0.45 77.56
-0.96 -0.44 77.57
-0.95 -0.43 77.56
-0.93 -0.43 77.55
-0.95 -0.43 77.59
-0.95 -0.47 77.57
-0.96 -0.43 77.57
-0.95 -0.45 77.56
-0.92 -0.47 77.53
-0.96 -0.41 77.57
-0.93 -0.45 77.55
-0.96 -0.44 77.56
-0.96 -0.43 77.59
-0.93 -0.43 77.55
-0.97 -0.43 77.60
-0.93 -0.45 77.56
-0.95 -0.41 77.59
-0.95 -0.47 77.59
-0.92 -0.45 77.57
-0.96 -0.43 77.60
-0.93 -0.44 77.55
-0.95 -0.43 77.60
-0.95 -0.44 77.57
-0.93 -0.47 77.55
-0.97 -0.41 77.57
-0.92 -0.41 77.56
-0.93 -0.43 77.59
-0.95 -0.47 77.59
-0.93 -0.45 77.57
-0.95 -0.43 77.59
-0.91 -0.47 77.53
-0.96 -0.43 77.60
-0.93 -0.44 77.59
-0.93 -0.43 77.57
-0.96 -0.44 77.61
-0.92 -0.45 77.55
-0.93 -0.41 77.60
-0.93 -0.47 77.59
-0.93 -0.45 77.56
-0.95 -0.47 77.57
-0.93 -0.48 77.56
-0.93 -0.45 77.57
-0.92 -0.45 77.59
-0.95 -0.43 77.57
-0.97 -0.43 77.61
-0.92 -0.44 77.56
-0.95 -0.45 77.57
-0.95 -0.44 77.56
-0.93 -0.44 77.55
-0.96 -0.45 77.57
-0.95 -0.45 77.53
-0.96 -0.43 77.60
-0.96 -0.45 77.57
-0.95 -0.40 77.59
-0.93 -0.45 77.59
-0.93 -0.45 77.55
-0.96 -0.44 77.59
-0.95 -0.43 77.57
-0.96 -0.45 77.57
-0.97 -0.47 77.57
-0.93 -0.47 77.53
-0.96 -0.47 77.59
-0.95 -0.47 77.57
-0.93 -0.44 77.56
-0.95 -0.45 77.60
-0.92 -0.45 77.56
-0.93 -0.45 77.59
-0.93 -0.47 77.56
-0.95 -0.45 77.57
-0.95 -0.45 77.59
-0.93 -0.44 77.57
-0.95 -0.44 77.60
-0.95 -0.45 77.53
-0.95 -0.43 77.55
-0.93 -0.44 77.56
-0.93 -0.43 77.53
-0.96 -0.43 77.57
-0.93 -0.47 77.56
-0.95 -0.44 77.59
-0.95 -0.48 77.57
-0.93 -0.44 77.56
-0.96 -0.44 77.60
-0.93 -0.45 77.55
-0.96 -0.45 77.57
-0.96 -0.45 77.57
-0.93 -0.40 77.55
-0.97 -0.44 77.59
-0.93 -0.45 77.55
-0.96 -0.47 77.57
-0.93 -0.47 77.56
-0.93 -0.48 77.53
-0.95 -0.45 77.60
-0.93 -0.45 77.52
-0.96 -0.45 77.57
-0.93 -0.48 77.57
-0.93 -0.45 77.56
-0.95 -0.45 77.59
-0.95 -0.48 77.55
-0.95 -0.44 77.57
-0.95 -0.47 77.56
-0.93 -0.43 77.56
-0.95 -0.44 77.59
-0.93 -0.41 77.55
-0.95 -0.43 77.57
-0.93 -0.47 77.55
-0.93 -0.45 77.55
-0.95 -0.45 77.59
-0.95 -0.41 77.53
-0.96 -0.43 77.57
-0.95 -0.45 77.56
-0.95 -0.44 77.55
-0.95 -0.43 77.57
-0.93 -0.43 77.53
-0.95 -0.43 77.57
-0.93 -0.45 77.57
-0.95 -0.44 77.56
-0.93 -0.45 77.59
-0.92 -0.44 77.53
-0.95 -0.41 77.60
-0.93 -0.45 77.57
-0.91 -0.43 77.56
-0.95 -0.47 77.59
-0.92 -0.41 77.51
-0.95 -0.43 77.60
-0.93 -0.41 77.57
-0.93 -0.43 77.53
-0.96 -0.44 77.56
-0.95 -0.45 77.55
-0.96 -0.43 77.59
-0.92 -0.48 77.55
-0.95 -0.43 77.56
-0.95 -0.43 77.56
-0.93 -0.41 77.53
-0.96 -0.41 77.59
-0.95 -0.44 77.53
-0.93 -0.43 77.56
-0.95 -0.43 77.57
-0.93 -0.40 77.55
-0.96 -0.43 77.59
-0.93 -0.47 77.55
-0.95 -0.47 77.55
-0.95 -0.43 77.56
-0.92 -0.44 77.53
-0.97 -0.44 77.60
-0.93 -0.47 77.57
-0.93 -0.45 77.59
-0.95 -0.45 77.55
-0.92 -0.44 77.55
-0.96 -0.45 77.59
-0.93 -0.48 77.55
-0.93 -0.44 77.56
-0.95 -0.47 77.57
-0.93 -0.41 77.56
-0.96 -0.40 77.59
-0.92 -0.43 77.55
-0.95 -0.41 77.59
-0.95 -0.45 77.57
-0.93 -0.41 77.56
-0.95 -0.45 77.60
-0.95 -0.44 77.55
-0.96 -0.41 77.57
-0.93 -0.47 77.57
-0.95 -0.47 77.56
-0.95 -0.44 77.57
-0.95 -0.47 77.56
-0.93 -0.43 77.57
-0.92 -0.44 77.60
-0.95 -0.45 77.55
-0.95 -0.45 77.59
-0.93 -0.43 77.56
-0.95 -0.41 77.57
-0.92 -0.48 77.56
-0.92 -0.44 77.56
-0.97 -0.44 77.59
-0.93 -0.44 77.55
-0.95 -0.43 77.59
-0.93 -0.44 77.56
-0.93 -0.43 77.56
-0.95 -0.44 77.59
-0.92 -0.47 77.55
-0.95 -0.43 77.59
-0.93 -0.44 77.57
-0.93 -0.43 77.55
-0.95 -0.44 77.59
-0.95 -0.47 77.55
-0.96 -0.41 77.59
-0.96 -0.45 77.57
-0.93 -0.41 77.57
-0.95 -0.44 77.57
-0.92 -0.41 77.55
-0.96 -0.45 77.59
-0.95 -0.47 77.57
-0.95 -0.44 77.57
-0.96 -0.44 77.57
-0.92 -0.44 77.55
-0.96 -0.41 77.57
-0.93 -0.48 77.55
-0.95 -0.41 77.56
-0.95 -0.45 77.59
-0.93 -0.47 77.55
-0.95 -0.44 77.60
-0.93 -0.44 77.57
-0.95 -0.45 77.56
-0.96 -0.44 77.59
-0.92 -0.48 77.56
-0.96 -0.45 77.57
-0.93 -0.44 77.56
-0.95 -0.45 77.59
-0.95 -0.45 77.57
-0.93 -0.45 77.55
-0.97 -0.44 77.56
-0.92 -0.47 77.53
-0.95 -0.40 77.57
-0.95 -0.44 77.57
-0.95 -0.43 77.53
-0.95 -0.45 77.59
-0.93 -0.45 77.53
-0.95 -0.44 77.59
-0.95 -0.44 77.57
-0.93 -0.44 77.56
-0.96 -0.45 77.59
-0.93 -0.47 77.56
-0.95 -0.43 77.56
-0.95 -0.47 77.57
-0.95 -0.44 77.56
-0.95 -0.44 77.59
-0.93 -0.44 77.53
-0.95 -0.44 77.60
-0.95 -0.44 77.59
-0.96 -0.47 77.56
-0.96 -0.41 77.61
-0.92 -0.45 77.57
-0.95 -0.44 77.59
-0.92 -0.43 77.59
-0.93 -0.44 77.57
-0.95 -0.45 77.61
-0.95 -0.45 77.55
-0.93 -0.43 77.57
-0.95 -0.44 77.56
-0.93 -0.45 77.56
-0.96 -0.45 77.60
-0.93 -0.43 77.56
-0.95 -0.44 77.59
-0.95 -0.43 77.56
-0.92 -0.47 77.53
-0.95 -0.45 77.56
-0.92 -0.47 77.55
-0.93 -0.40 77.59
-0.93 -0.48 77.57
-0.93 -0.43 77.56
-0.97 -0.48 77.60
-0.91 -0.47 77.53
-0.95 -0.43 77.60
-0.95 -0.44 77.57
-0.92 -0.44 77.56
-0.96 -0.40 77.57
-0.95 -0.44 77.55
-0.95 -0.36 77.57
-0.93 -0.41 77.53
-0.95 -0.45 77.57
-0.95 -0.44 77.59
-0.92 -0.45 77.55
-0.95 -0.43 77.60
-0.92 -0.44 77.57
-0.93 -0.47 77.57
-0.93 -0.45 77.60
-0.95 -0.45 77.57
-0.96 -0.43 77.60
-0.93 -0.44 77.56
-0.95 -0.40 77.56
-0.95 -0.44 77.60
-0.92 -0.44 77.55
-0.93 -0.43 77.59
-0.93 -0.45 77.57
-0.93 -0.45 77.59
-0.92 -0.44 77.57
-0.93 -0.43 77.56
-0.95 -0.43 77.57
-0.93 -0.45 77.56
-0.92 -0.43 77.55
-0.93 -0.45 77.59
-0.93 -0.45 77.56
-0.95 -0.44 77.56
-0.96 -0.44 77.53
-0.96 -0.41 77.59
-0.95 -0.47 77.56
-0.92 -0.47 77.55
-0.96 -0.43 77.60
-0.93 -0.44 77.56
-0.95 -0.45 77.57
-0.96 -0.47 77.57
-0.95 -0.45 77.55
-0.95 -0.45 77.59
-0.92 -0.45 77.55
-0.96 -0.44 77.59
-0.93 -0.44 77.57
-0.93 -0.44 77.55
-0.95 -0.44 77.56
-0.93 -0.44 77.55
-0.95 -0.44 77.57
-0.95 -0.45 77.55
-0.95 -0.45 77.53
-0.96 -0.44 77.57
-0.95 -0.48 77.55
-0.93 -0.44 77.56
-0.95 -0.47 77.56
-0.97 -0.43 77.55
-0.96 -0.43 77.57
-0.92 -0.47 77.52
-0.97 -0.45 77.57
-0.95 -0.47 77.55
-0.93 -0.45 77.55
-0.97 -0.41 77.57
-0.95 -0.45 77.56
-0.96 -0.41 77.57
-0.93 -0.45 77.55
-0.93 -0.44 77.55
-0.95 -0.45 77.59
-0.93 -0.44 77.56
-0.96 -0.39 77.59
-0.95 -0.44 77.55
-0.95 -0.43 77.56
-0.95 -0.44 77.57
-0.92 -0.48 77.52
-0.95 -0.45 77.59
-0.95 -0.45 77.53
-0.93 -0.43 77.56
-0.95 -0.45 77.60
-0.93 -0.45 77.53
-0.95 -0.44 77.57
-0.93 -0.47 77.56
-0.95 -0.43 77.57
-0.96 -0.44 77.57
-0.93 -0.43 77.52
-0.95 -0.41 77.59
-0.92 -0.45 77.55
-0.95 -0.44 77.59
-0.95 -0.43 77.60
-0.95 -0.45 77.55
-0.96 -0.44 77.59
-0.92 -0.48 77.56
-0.95 -0.43 77.57
-0.95 -0.44 77.56
-0.93 -0.43 77.55
-0.96 -0.44 77.60
-0.93 -0.47 77.53
-0.95 -0.45 77.56
-0.95 -0.44 77.57
-0.93 -0.43 77.53
-0.95 -0.45 77.60
-0.92 -0.45 77.55
-0.95 -0.43 77.57
-0.93 -0.45 77.59
-0.93 -0.48 77.55
-0.95 -0.45 77.60
-0.93 -0.47 77.53
-0.96 -0.47 77.57
-0.93 -0.45 77.56
-0.93 -0.44 77.56
-0.95 -0.44 77.61
-0.95 -0.45 77.56
-0.96 -0.44 77.57
-0.93 -0.43 77.59
-0.93 -0.43 77.55
-0.97 -0.44 77.63
-0.95 -0.47 77.55
-0.95 -0.40 77.60
-0.95 -0.48 77.59
-0.93 -0.47 77.57
-0.95 -0.47 77.60
-0.93 -0.47 77.55
-0.93 -0.44 77.57
-0.95 -0.44 77.59
-0.92 -0.45 77.53
-0.93 -0.44 77.59
-0.92 -0.48 77.53
-0.95 -0.45 77.56
-0.95 -0.47 77.56
-0.93 -0.44 77.55
-0.95 -0.44 77.59
-0.92 -0.44 77.55
-0.93 -0.47 77.57
-0.93 -0.47 77.57
-0.93 -0.45 77.56
-0.95 -0.47 77.59
-0.93 -0.48 77.56
-0.96 -0.43 77.59
-0.93 -0.47 77.57
-0.96 -0.45 77.55
-0.96 -0.44 77.59
-0.95 -0.47 77.55
-0.95 -0.44 77.60
-0.92 -0.48 77.59
-0.93 -0.45 77.57
-0.95 -0.45 77.59
-0.92 -0.48 77.56
-0.96 -0.45 77.60
-0.95 -0.48 77.56
-0.93 -0.45 77.59
-0.93 -0.49 77.59
-0.93 -0.47 77.55
-0.95 -0.45 77.61
-0.92 -0.49 77.55
-0.93 -0.39 77.57
-0.95 -0.44 77.55
-0.92 -0.47 77.55
-0.95 -0.45 77.59
-0.92 -0.47 77.55
-0.95 -0.41 77.56
-0.96 -0.45 77.59
-0.92 -0.40 77.53
-0.93 -0.45 77.61
-0.93 -0.45 77.53
-0.95 -0.41 77.59
-0.93 -0.43 77.56
-0.92 -0.47 77.55
-0.96 -0.47 77.60
-0.93 -0.47 77.55
-0.93 -0.44 77.57
-0.93 -0.48 77.60
-0.92 -0.41 77.55
-0.96 -0.43 77.60
-0.92 -0.47 77.53
-0.96 -0.44 77.56
-0.93 -0.44 77.59
-0.93 -0.48 77.55
-0.96 -0.43 77.59
-0.92 -0.48 77.55
-0.95 -0.43 77.59
-0.95 -0.44 77.57
-0.93 -0.44 77.56
-0.97 -0.43 77.59
-0.95 -0.45 77.55
-0.93 -0.43 77.57
-0.95 -0.47 77.59
-0.93 -0.41 77.55
-0.96 -0.43 77.60
-0.92 -0.47 77.55
-0.96 -0.43 77.60
-0.95 -0.44 77.56
-0.92 -0.41 77.53
-0.95 -0.47 77.60
-0.92 -0.45 77.53
-0.95 -0.44 77.61
-0.95 -0.45 77.60
-0.93 -0.44 77.56
-0.95 -0.43 77.60
-0.93 -0.48 77.53
-0.95 -0.43 77.56
-0.95 -0.45 77.57
-0.95 -0.43 77.56
-0.93 -0.44 77.63
-0.92 -0.43 77.55
-0.93 -0.44 77.60
-0.92 -0.43 77.59
-0.92 -0.45 77.56
-0.93 -0.41 77.57
-0.91 -0.49 77.55
-0.93 -0.41 77.60
-0.93 -0.45 77.56
-0.93 -0.47 77.57
-0.95 -0.47 77.59
-0.95 -0.45 77.53
-0.95 -0.45 77.57
-0.93 -0.48 77.56
-0.93 -0.45 77.57
-0.93 -0.44 77.60
-0.95 -0.47 77.55
-0.96 -0.44 77.60
-0.93 -0.45 77.56
-0.95 -0.43 77.59
-0.96 -0.45 77.60
-0.92 -0.45 77.53
-0.95 -0.44 77.59
-0.93 -0.48 77.56
-0.93 -0.39 77.56
-0.93 -0.47 77.57
-0.93 -0.44 77.55
-0.97 -0.45 77.57
-0.93 -0.47 77.56
-0.96 -0.44 77.56
-0.95 -0.44 77.56
-0.91 -0.43 77.56
-0.95 -0.45 77.59
-0.92 -0.47 77.55
-0.95 -0.44 77.55
-0.93 -0.44 77.57
-0.95 -0.43 77.55
-0.96 -0.43 77.59
-0.95 -0.43 77.55
-0.95 -0.44 77.56
-0.95 -0.47 77.56
-0.92 -0.44 77.51
-0.95 -0.43 77.59
-0.93 -0.47 77.52
-0.93 -0.40 77.55
-0.95 -0.47 77.55
-0.95 -0.43 77.53
-0.95 -0.45 77.57
-0.92 -0.44 77.53
-0.97 -0.43 77.56
-0.93 -0.45 77.55
-0.93 -0.45 77.53
-0.95 -0.43 77.59
-0.93 -0.47 77.52
-0.95 -0.43 77.56
-0.93 -0.44 77.56
-0.93 -0.43 77.56
-0.93 -0.44 77.59
-0.93 -0.47 77.55
-0.95 -0.43 77.55
-0.93 -0.45 77.55
-0.93 -0.45 77.55
-0.93 -0.44 77.59
-0.93 -0.43 77.53
-0.95 -0.45 77.57
-0.96 -0.47 77.55
-0.93 -0.47 77.53
-0.95 -0.44 77.57
-0.92 -0.47 77.55
-0.96 -0.44 77.56
-0.95 -0.43 77.55
-0.93 -0.44 77.55
-0.95 -0.47 77.57
-0.93 -0.43 77.52
-0.95 -0.41 77.57
-0.93 -0.48 77.55
-0.96 -0.45 77.57
-0.95 -0.47 77.56
-0.93 -0.47 77.53
-0.95 -0.45 77.57
-0.92 -0.49 77.55
-0.93 -0.45 77.55
-0.95 -0.47 77.56
-0.91 -0.43 77.55
-0.93 -0.41 77.57
-0.93 -0.44 77.55
-0.93 -0.44 77.55
-0.92 -0.47 77.56
-0.92 -0.43 77.53
-0.95 -0.45 77.55
-0.93 -0.47 77.55
-0.93 -0.44 77.55
-0.95 -0.45 77.56
-0.92 -0.43 77.52
-0.96 -0.47 77.56
-0.93 -0.45 77.52
-0.93 -0.44 77.53
-0.95 -0.45 77.55
-0.91 -0.43 77.53
-0.96 -0.43 77.55
-0.92 -0.45 77.52
-0.96 -0.44 77.56
-0.92 -0.45 77.55
-0.92 -0.44 77.53
-0.96 -0.44 77.56
-0.92 -0.45 77.52
-0.95 -0.43 77.55
-0.93 -0.45 77.53
-0.95 -0.44 77.52
-0.95 -0.45 77.55
-0.92 -0.47 77.53
-0.95 -0.45 77.55
-0.93 -0.45 77.55
-0.92 -0.44 77.52
-0.95 -0.47 77.56
-0.92 -0.45 77.53
-0.95 -0.44 77.59
-0.93 -0.48 77.53
-0.93 -0.43 77.53
-0.93 -0.47 77.57
-0.91 -0.47 77.52
-0.96 -0.43 77.59
-0.92 -0.45 77.56
-0.93 -0.44 77.55
-0.96 -0.44 77.56
-0.93 -0.47 77.53
-0.93 -0.43 77.59
-0.92 -0.44 77.57
-0.95 -0.44 77.56
-0.95 -0.43 77.59
-0.92 -0.48 77.53
-0.93 -0.45 77.57
-0.92 -0.48 77.55
-0.93 -0.47 77.55
-0.93 -0.45 77.57
-0.91 -0.49 77.53
-0.92 -0.44 77.56
-0.92 -0.48 77.55
-0.93 -0.45 77.56
-0.95 -0.45 77.57
-0.91 -0.47 77.53
-0.96 -0.45 77.59
-0.92 -0.45 77.57
-0.93 -0.47 77.55
-0.95 -0.49 77.57
-0.93 -0.47 77.55
-0.93 -0.47 77.56
-0.92 -0.45 77.56
-0.91 -0.44 77.55
-0.95 -0.49 77.59
-0.92 -0.49 77.55
-0.95 -0.48 77.59
-0.93 -0.51 77.55
-0.93 -0.44 77.56
-0.95 -0.47 77.60
-0.93 -0.44 77.56
-0.95 -0.47 77.57
-0.92 -0.48 77.57
-0.93 -0.44 77.56
-0.93 -0.45 77.59
-0.91 -0.41 77.53
-0.95 -0.45 77.59
-0.92 -0.45 77.56
-0.92 -0.44 77.59
-0.93 -0.47 77.57
-0.93 -0.47 77.56
-0.93 -0.44 77.57
-0.92 -0.47 77.55
-0.95 -0.45 77.56
-0.92 -0.49 77.57
-0.93 -0.45 77.56
-0.95 -0.47 77.60
-0.92 -0.48 77.52
-0.95 -0.45 77.57
-0.95 -0.45 77.57
-0.92 -0.45 77.55
-0.95 -0.45 77.60
-0.93 -0.49 77.57
-0.93 -0.45 77.59
-0.93 -0.48 77.59
-0.93 -0.49 77.55
-0.93 -0.47 77.60
-0.92 -0.49 77.59
-0.95 -0.45 77.61
-0.93 -0.48 77.59
-0.92 -0.45 77.56
-0.92 -0.47 77.60
-0.93 -0.49 77.55
-0.92 -0.45 77.60
-0.93 -0.44 77.57
-0.92 -0.47 77.56
-0.95 -0.47 77.61
-0.92 -0.48 77.56
-0.95 -0.45 77.60
-0.95 -0.47 77.59
-0.93 -0.45 77.57
-0.93 -0.45 77.59
-0.92 -0.47 77.57
-0.93 -0.48 77.59
-0.91 -0.48 77.57
-0.92 -0.48 77.57
-0.93 -0.48 77.60
-0.92 -0.49 77.57
-0.95 -0.47 77.60
-0.92 -0.51 77.57
-0.92 -0.47 77.57
-0.92 -0.49 77.60
-0.93 -0.48 77.56
-0.95 -0.48 77.61
-0.92 -0.47 77.56
-0.93 -0.47 77.57
-0.93 -0.48 77.60
-0.88 -0.49 77.55
-0.95 -0.47 77.59
-0.89 -0.51 77.57
-0.91 -0.51 77.57
-0.92 -0.49 77.60
-0.91 -0.48 77.57
-0.93 -0.47 77.61
-0.91 -0.47 77.57
-0.91 -0.48 77.59
-0.93 -0.48 77.60
-0.91 -0.47 77.57
-0.93 -0.45 77.63
-0.91 -0.51 77.57
-0.92 -0.47 77.60
-0.93 -0.47 77.60
-0.92 -0.49 77.56
-0.93 -0.47 77.61
-0.92 -0.48 77.56
-0.92 -0.47 77.57
-0.93 -0.48 77.60
-0.93 -0.45 77.59
-0.93 -0.49 77.60
-0.91 -0.51 77.59
-0.92 -0.45 77.59
-0.92 -0.48 77.59
-0.92 -0.48 77.57
-0.95 -0.48 77.60
-0.91 -0.48 77.56
-0.92 -0.48 77.57
-0.95 -0.49 77.56
-0.92 -0.51 77.57
-0.95 -0.48 77.60
-0.93 -0.48 77.56
-0.95 -0.51 77.57
-0.92 -0.51 77.57
-0.92 -0.52 77.57
-0.95 -0.47 77.61
-0.91 -0.52 77.59
-0.93 -0.49 77.60
-0.93 -0.49 77.60
-0.93 -0.52 77.56
-0.95 -0.51 77.60
-0.91 -0.51 77.56
-0.93 -0.49 77.59
-0.93 -0.51 77.57
-0.92 -0.51 77.56
-0.96 -0.51 77.59
-0.91 -0.53 77.52
-0.93 -0.51 77.59
-0.93 -0.49 77.56
-0.92 -0.51 77.57
-0.93 -0.49 77.60
-0.92 -0.49 77.55
-0.95 -0.49 77.59
-0.95 -0.52 77.56
-0.93 -0.48 77.56
-0.96 -0.52 77.61
-0.92 -0.49 77.55
-0.93 -0.52 77.59
-0.93 -0.53 77.56
-0.93 -0.49 77.56
-0.93 -0.49 77.59
-0.93 -0.51 77.55
-0.93 -0.47 77.57
-0.93 -0.49 77.56
-0.93 -0.49 77.56
-0.93 -0.53 77.59
-0.92 -0.49 77.55
-0.93 -0.45 77.57
-0.92 -0.52 77.56
-0.93 -0.51 77.59
-0.93 -0.49 77.59
-0.93 -0.52 77.59
-0.95 -0.52 77.59
-0.92 -0.52 77.57
-0.95 -0.49 77.56
-0.95 -0.47 77.57
-0.93 -0.47 77.55
-0.95 -0.49 77.60
-0.93 -0.49 77.56
-0.95 -0.45 77.55
-0.93 -0.49 77.60
-0.93 -0.49 77.55
-0.96 -0.48 77.57
-0.93 -0.53 77.56
-0.93 -0.49 77.59
-0.93 -0.49 77.59
-0.93 -0.49 77.56
-0.96 -0.47 77.59
-0.93 -0.47 77.55
-0.95 -0.47 77.56
-0.95 -0.48 77.56
-0.95 -0.48 77.53
-0.95 -0.47 77.59
-0.93 -0.47 77.53
-0.95 -0.48 77.56
-0.92 -0.48 77.59
-0.96 -0.47 77.53
-0.96 -0.48 77.57
-0.93 -0.47 77.53
-0.95 -0.48 77.56
-0.93 -0.48 77.56
-0.93 -0.47 77.57
-0.95 -0.47 77.60
-0.93 -0.51 77.56
-0.93 -0.45 77.60
-0.93 -0.51 77.56
-0.95 -0.48 77.56
-0.95 -0.47 77.59
-0.93 -0.45 77.55
-0.93 -0.47 77.59
-0.93 -0.48 77.59
-0.95 -0.49 77.57
-0.96 -0.48 77.59
-0.93 -0.48 77.56
-0.96 -0.45 77.59
-0.93 -0.49 77.57
-0.95 -0.51 77.55
-0.95 -0.52 77.59
-0.93 -0.51 77.56
-0.96 -0.49 77.57
-0.93 -0.48 77.55
-0.93 -0.47 77.55
-0.96 -0.48 77.57
-0.92 -0.48 77.53
-0.95 -0.45 77.59
-0.93 -0.47 77.55
-0.96 -0.45 77.56
-0.96 -0.48 77.57
-0.93 -0.48 77.53
-0.93 -0.43 77.59
-0.93 -0.48 77.57
-0.93 -0.45 77.57
-0.95 -0.48 77.57
-0.93 -0.45 77.56
-0.95 -0.47 77.59
-0.92 -0.49 77.56
-0.96 -0.48 77.56
-0.96 -0.48 77.60
-0.93 -0.45 77.56
-0.96 -0.48 77.61
-0.92 -0.51 77.57
-0.95 -0.44 77.55
-0.93 -0.45 77.56
-0.92 -0.45 77.57
-0.96 -0.45 77.57
-0.92 -0.49 77.55
-0.96 -0.47 77.59
-0.95 -0.47 77.59
-0.95 -0.47 77.56
-0.96 -0.45 77.57
-0.93 -0.47 77.55
-0.95 -0.44 77.53
-0.92 -0.48 77.59
-0.92 -0.47 77.55
-0.95 -0.45 77.59
-0.92 -0.48 77.52
-0.93 -0.47 77.56
-0.92 -0.47 77.56
-0.92 -0.49 77.53
-0.93 -0.45 77.59
-0.93 -0.49 77.52
-0.95 -0.47 77.56
-0.95 -0.47 77.55
-0.93 -0.47 77.55
-0.96 -0.47 77.59
-0.95 -0.47 77.55
-0.96 -0.44 77.57
-0.96 -0.48 77.57
-0.92 -0.47 77.53
-0.95 -0.48 77.56
-0.93 -0.45 77.52
-0.95 -0.44 77.57
-0.93 -0.48 77.57
-0.92 -0.41 77.56
-0.96 -0.45 77.57
-0.92 -0.47 77.53
-0.97 -0.45 77.57
-0.93 -0.47 77.53
-0.95 -0.47 77.56
-0.97 -0.47 77.59
-0.93 -0.45 77.53
-0.93 -0.43 77.56
-0.95 -0.48 77.56
-0.93 -0.47 77.55
-0.96 -0.45 77.57
-0.93 -0.43 77.53
-0.96 -0.44 77.57
-0.92 -0.48 77.56
-0.95 -0.47 77.55
-0.95 -0.47 77.59
-0.92 -0.47 77.55
-0.97 -0.45 77.59
-0.93 -0.45 77.59
-0.95 -0.47 77.56
-0.96 -0.47 77.60
-0.93 -0.47 77.55
-0.96 -0.47 77.57
-0.92 -0.49 77.59
-0.93 -0.48 77.57
-0.93 -0.47 77.59
-0.92 -0.48 77.56
-0.95 -0.45 77.59
-0.93 -0.51 77.55
-0.95 -0.45 77.57
-0.92 -0.47 77.57
-0.92 -0.45 77.55
-0.95 -0.47 77.59
-0.92 -0.49 77.56
-0.92 -0.43 77.56
-0.93 -0.48 77.57
-0.92 -0.47 77.55
-0.93 -0.45 77.57
-0.95 -0.47 77.56
-0.95 -0.45 77.56
-0.95 -0.48 77.57
-0.92 -0.45 77.56
-0.95 -0.45 77.56
-0.93 -0.51 77.56
-0.93 -0.44 77.57
-0.95 -0.51 77.57
-0.93 -0.45 77.55
-0.96 -0.41 77.59
-0.92 -0.48 77.55
-0.95 -0.44 77.55
-0.96 -0.48 77.55
-0.91 -0.49 77.53
-0.95 -0.41 77.59
-0.92 -0.44 77.53
-0.95 -0.43 77.57
-0.95 -0.49 77.57
-0.93 -0.47 77.53
-0.95 -0.47 77.57
-0.93 -0.48 77.53
-0.95 -0.43 77.57
-0.93 -0.45 77.56
-0.92 -0.48 77.56
-0.93 -0.45 77.57
-0.93 -0.51 77.56
-0.95 -0.47 77.59
-0.93 -0.48 77.57
-0.95 -0.47 77.56
-0.96 -0.47 77.60
-0.93 -0.48 77.56
-0.95 -0.44 77.57
-0.93 -0.48 77.55
-0.93 -0.47 77.55
-0.92 -0.47 77.59
-0.92 -0.48 77.55
-0.96 -0.47 77.59
-0.95 -0.47 77.56
-0.93 -0.49 77.56
-0.96 -0.47 77.59
-0.92 -0.47 77.53
-0.96 -0.44 77.56
-0.93 -0.52 77.55
-0.95 -0.47 77.55
-0.93 -0.48 77.59
-0.93 -0.48 77.56
-0.96 -0.41 77.56
-0.93 -0.47 77.57
-0.93 -0.47 77.55
-0.95 -0.48 77.59
-0.91 -0.45 77.56
-0.96 -0.44 77.60
-0.95 -0.44 77.56
-0.96 -0.45 77.57
-0.95 -0.48 77.63
-0.93 -0.49 77.53
-0.96 -0.47 77.59
-0.92 -0.49 77.56
-0.93 -0.44 77.56
-0.92 -0.49 77.57
-0.92 -0.49 77.55
-0.96 -0.44 77.59
-0.93 -0.51 77.56
-0.93 -0.48 77.57
-0.95 -0.49 77.59
-0.93 -0.45 77.55
-0.96 -0.44 77.59
-0.92 -0.47 77.56
-0.95 -0.44 77.57
-0.95 -0.45 77.59
-0.93 -0.47 77.56
-0.96 -0.43 77.61
-0.95 -0.45 77.56
-0.95 -0.45 77.59
-0.95 -0.48 77.59
-0.95 -0.47 77.56
-0.95 -0.47 77.60
-0.93 -0.45 77.56
-0.95 -0.48 77.56
-0.96 -0.45 77.57
-0.93 -0.49 77.56
-0.95 -0.47 77.60
-0.93 -0.47 77.55
-0.95 -0.48 77.57
-0.95 -0.51 77.56
-0.92 -0.44 77.55
-0.96 -0.49 77.57
-0.92 -0.47 77.55
-0.93 -0.49 77.57
-0.93 -0.52 77.57
-0.92 -0.47 77.55
-0.96 -0.45 77.57
-0.95 -0.47 77.55
-0.95 -0.47 77.56
-0.93 -0.48 77.55
-0.93 -0.49 77.55
-0.95 -0.49 77.56
-0.93 -0.51 77.55
-0.95 -0.48 77.55
-0.93 -0.49 77.59
-0.95 -0.48 77.55
-0.96 -0.48 77.59
-0.95 -0.47 77.55
-0.93 -0.47 77.56
-0.93 -0.52 77.56
-0.92 -0.44 77.56
-0.95 -0.48 77.57
-0.93 -0.49 77.55
-0.93 -0.48 77.57
-0.93 -0.45 77.53
-0.93 -0.47 77.55
-0.95 -0.47 77.60
-0.93 -0.51 77.55
-0.96 -0.45 77.59
-0.95 -0.45 77.55
-0.95 -0.47 77.56
-0.95 -0.48 77.59
-0.93 -0.49 77.53
-0.97 -0.45 77.57
-0.95 -0.49 77.55
-0.95 -0.48 77.56
-0.96 -0.49 77.56
-0.93 -0.48 77.53
-0.96 -0.48 77.57
-0.93 -0.48 77.56
-0.93 -0.47 77.57
-0.93 -0.48 77.56
-0.92 -0.47 77.55
-0.96 -0.44 77.59
-0.92 -0.51 77.53
-0.95 -0.49 77.56
-0.95 -0.48 77.55
-0.93 -0.51 77.53
-0.97 -0.48 77.57
-0.93 -0.48 77.55
-0.95 -0.48 77.57
-0.93 -0.48 77.57
-0.95 -0.47 77.56
-0.95 -0.45 77.59
-0.93 -0.45 77.55
-0.96 -0.47 77.56
-0.95 -0.49 77.57
-0.92 -0.47 77.55
-0.96 -0.48 77.59
-0.93 -0.48 77.56
-0.93 -0.47 77.53
-0.96 -0.51 77.56
-0.95 -0.47 77.55
-0.96 -0.44 77.60
-0.95 -0.45 77.53
-0.95 -0.45 77.59
-0.92 -0.51 77.55
-0.93 -0.47 77.53
-0.96 -0.47 77.57
-0.92 -0.49 77.56
-0.95 -0.45 77.57
-0.93 -0.49 77.53
-0.93 -0.47 77.55
-0.95 -0.45 77.57
-0.93 -0.45 77.55
-0.96 -0.48 77.59
-0.95 -0.45 77.55
-0.93 -0.48 77.56
-0.95 -0.47 77.59
-0.93 -0.48 77.55
-0.95 -0.48 77.57
-0.93 -0.45 77.55
-0.93 -0.44 77.56
-0.96 -0.48 77.60
-0.95 -0.48 77.55
-0.95 -0.41 77.57
-0.95 -0.51 77.55
-0.96 -0.48 77.56
-0.93 -0.45 77.59
-0.93 -0.48 77.55
-0.96 -0.44 77.57
-0.93 -0.47 77.57
-0.93 -0.44 77.56
-0.95 -0.48 77.57
-0.93 -0.48 77.53
-0.95 -0.45 77.59
-0.91 -0.49 77.55
-0.92 -0.47 77.57
-0.95 -0.48 77.57
-0.93 -0.48 77.56
-0.95 -0.45 77.59
-0.93 -0.51 77.53
-0.95 -0.45 77.56
-0.93 -0.45 77.61
-0.93 -0.45 77.56
-0.93 -0.47 77.59
-0.92 -0.49 77.53
-0.93 -0.47 77.55
-0.95 -0.47 77.60
-0.93 -0.51 77.55
-0.95 -0.45 77.60
-0.92 -0.49 77.57
-0.93 -0.47 77.56
-0.95 -0.49 77.57
-0.93 -0.48 77.55
-0.97 -0.49 77.59
-0.91 -0.48 77.56
-0.92 -0.44 77.57
-0.93 -0.48 77.57
-0.91 -0.47 77.57
-0.96 -0.45 77.60
-0.92 -0.49 77.57
-0.93 -0.48 77.59
-0.92 -0.47 77.60
-0.93 -0.48 77.53
-0.95 -0.44 77.61
-0.95 -0.47 77.55
-0.95 -0.48 77.59
-0.95 -0.51 77.57
-0.96 -0.49 77.56
-0.97 -0.47 77.60
-0.92 -0.48 77.55
-0.96 -0.47 77.56
-0.93 -0.47 77.57
-0.93 -0.48 77.56
-0.96 -0.47 77.59
-0.93 -0.48 77.53
-0.95 -0.45 77.59
-0.95 -0.48 77.57
-0.92 -0.45 77.55
-0.93 -0.44 77.60
-0.93 -0.51 77.55
-0.95 -0.43 77.57
-0.93 -0.49 77.59
-0.92 -0.48 77.55
-0.95 -0.49 77.59
-0.93 -0.52 77.56
-0.95 -0.44 77.57
-0.95 -0.52 77.60
-0.92 -0.44 77.56
-0.95 -0.48 77.60
-0.92 -0.47 77.57
-0.93 -0.44 77.60
-0.93 -0.49 77.59
-0.93 -0.43 77.56
-0.96 -0.44 77.59
-0.93 -0.45 77.56
-0.95 -0.47 77.59
-0.93 -0.45 77.56
-0.95 -0.48 77.56
-0.96 -0.43 77.60
-0.93 -0.45 77.55
-0.95 -0.48 77.60
-0.93 -0.49 77.57
-0.96 -0.47 77.56
-0.95 -0.51 77.59
-0.93 -0.48 77.56
-0.97 -0.48 77.59
-0.93 -0.48 77.55
-0.93 -0.45 77.56
-0.95 -0.48 77.59
-0.95 -0.49 77.56
-0.95 -0.49 77.57
-0.95 -0.48 77.56
-0.95 -0.44 77.56
-0.95 -0.45 77.60
-0.93 -0.48 77.56
-0.97 -0.47 77.59
-0.93 -0.51 77.57
-0.95 -0.45 77.56
-0.95 -0.48 77.59
-0.92 -0.47 77.55
-0.95 -0.44 77.60
-0.93 -0.45 77.53
-0.95 -0.45 77.59
-0.93 -0.48 77.59
-0.96 -0.45 77.55
-0.95 -0.48 77.59
-0.93 -0.48 77.56
-0.95 -0.47 77.56
-0.93 -0.47 77.57
-0.91 -0.48 77.56
-0.97 -0.47 77.61
-0.93 -0.49 77.56
-0.93 -0.47 77.56
-0.93 -0.47 77.56
-0.93 -0.48 77.56
-0.95 -0.44 77.59
-0.91 -0.49 77.55
-0.95 -0.47 77.56
-0.95 -0.48 77.59
-0.92 -0.45 77.56
-0.92 -0.48 77.57
-0.91 -0.49 77.55
-0.95 -0.47 77.59
-0.93 -0.49 77.59
-0.92 -0.45 77.56
-0.95 -0.48 77.57
-0.92 -0.48 77.55
-0.96 -0.45 77.56
-0.95 -0.49 77.57
-0.93 -0.44 77.57
-0.95 -0.48 77.60
-0.93 -0.49 77.56
-0.93 -0.48 77.59
-0.93 -0.49 77.57
-0.95 -0.47 77.56
-0.96 -0.48 77.63
-0.93 -0.49 77.55
-0.95 -0.44 77.60
-0.93 -0.49 77.56
-0.92 -0.49 77.59
-0.96 -0.47 77.60
-0.92 -0.49 77.55
-0.93 -0.47 77.59
-0.93 -0.51 77.56
-0.93 -0.43 77.56
-0.95 -0.47 77.60
-0.92 -0.52 77.56
-0.95 -0.44 77.60
-0.93 -0.47 77.59
-0.95 -0.41 77.56
-0.93 -0.48 77.59
-0.92 -0.48 77.55
-0.95 -0.45 77.60
-0.95 -0.47 77.56
-0.95 -0.45 77.57
-0.95 -0.45 77.59
-0.93 -0.48 77.56
-0.95 -0.47 77.59
-0.93 -0.49 77.56
-0.93 -0.44 77.56
-0.96 -0.45 77.59
-0.93 -0.47 77.55
-0.96 -0.45 77.60
-0.95 -0.49 77.56
-0.95 -0.45 77.55
-0.96 -0.49 77.60
-0.93 -0.47 77.56
-0.96 -0.47 77.57
-0.95 -0.49 77.55
-0.95 -0.44 77.55
-0.95 -0.48 77.61
-0.93 -0.44 77.55
-0.96 -0.47 77.59
-0.93 -0.47 77.55
-0.93 -0.41 77.57
-0.95 -0.44 77.57
-0.93 -0.51 77.55
-0.96 -0.48 77.60
-0.92 -0.47 77.56
-0.93 -0.49 77.59
-0.93 -0.48 77.57
-0.95 -0.45 77.55
-0.96 -0.48 77.60
-0.92 -0.49 77.55
-0.91 -0.44 77.56
-0.93 -0.48 77.57
-0.92 -0.45 77.56
-0.96 -0.44 77.60
-0.92 -0.44 77.56
-0.93 -0.44 77.59
-0.91 -0.47 77.57
-0.93 -0.44 77.56
-0.95 -0.45 77.60
-0.91 -0.47 77.56
-0.93 -0.48 77.60
-0.95 -0.49 77.57
-0.91 -0.47 77.57
-0.96 -0.47 77.59
-0.95 -0.48 77.56
-0.95 -0.48 77.60
-0.95 -0.47 77.59
-0.93 -0.44 77.59
-0.96 -0.48 77.61
-0.93 -0.47 77.59
-0.97 -0.47 77.60
-0.93 -0.48 77.59
-0.93 -0.48 77.59
-0.95 -0.49 77.60
-0.92 -0.47 77.57
-0.96 -0.47 77.60
-0.93 -0.48 77.60
-0.95 -0.45 77.55
-0.95 -0.51 77.60
-0.92 -0.48 77.55
-0.96 -0.45 77.63
-0.93 -0.47 77.59
-0.93 -0.47 77.57
-0.95 -0.47 77.60
-0.93 -0.49 77.55
-0.95 -0.44 77.60
-0.92 -0.47 77.57
-0.92 -0.45 77.57
-0.96 -0.49 77.60
-0.95 -0.45 77.56
-0.93 -0.49 77.59
-0.93 -0.49 77.56
-0.93 -0.45 77.57
-0.95 -0.48 77.59
-0.92 -0.49 77.55
-0.96 -0.48 77.57
-0.93 -0.51 77.55
-0.95 -0.48 77.56
-0.95 -0.51 77.59
-0.93 -0.48 77.56
-0.95 -0.47 77.59
-0.91 -0.48 77.55
-0.96 -0.47 77.57
-0.95 -0.45 77.57
-0.92 -0.48 77.55
-0.95 -0.47 77.57
-0.91 -0.47 77.55
-0.93 -0.45 77.57
-0.95 -0.47 77.56
-0.93 -0.47 77.55
-0.95 -0.44 77.59
-0.95 -0.51 77.55
-0.96 -0.45 77.56
-0.95 -0.48 77.59
-0.95 -0.45 77.55
-0.96 -0.45 77.57
-0.92 -0.47 77.55
-0.93 -0.44 77.55
-0.95 -0.45 77.56
-0.89 -0.47 77.55
-0.97 -0.45 77.59
-0.92 -0.52 77.56
-0.96 -0.47 77.57
-0.93 -0.48 77.57
-0.92 -0.45 77.56
-0.95 -0.45 77.59
-0.89 -0.47 77.53
-0.93 -0.44 77.59
-0.96 -0.47 77.59
-0.93 -0.48 77.56
-0.95 -0.48 77.61
-0.93 -0.48 77.53
-0.96 -0.44 77.57
-0.93 -0.51 77.55
-0.93 -0.45 77.55
-0.96 -0.45 77.57
-0.93 -0.47 77.56
-0.95 -0.47 77.57
-0.95 -0.47 77.56
-0.95 -0.48 77.55
-0.96 -0.47 77.57
-0.92 -0.47 77.53
-0.95 -0.47 77.59
-0.93 -0.49 77.57
-0.93 -0.47 77.55
-0.95 -0.47 77.59
-0.92 -0.48 77.55
-0.96 -0.44 77.57
-0.93 -0.48 77.55
-0.93 -0.47 77.59
-0.95 -0.51 77.57
-0.92 -0.48 77.55
-0.95 -0.48 77.59
-0.95 -0.48 77.56
-0.95 -0.47 77.56
-0.95 -0.47 77.59
-0.93 -0.49 77.55
-0.95 -0.47 77.61
-0.95 -0.44 77.56
-0.93 -0.47 77.55
-0.96 -0.48 77.59
-0.92 -0.48 77.56
-0.95 -0.48 77.60
-0.92 -0.49 77.55
