13.28 9.59 41.69
13.31 9.56 41.68
13.30 9.62 41.73
13.30 9.59 41.71
13.28 9.56 41.66
13.31 9.53 41.68
13.30 9.53 41.71
13.28 9.56 41.73
13.30 9.53 41.71
13.28 9.59 41.69
13.30 9.59 41.71
13.30 9.59 41.71
13.27 9.59 41.76
13.28 9.59 41.69
13.31 9.56 41.68
13.36 9.59 41.68
13.30 9.56 41.71
13.33 9.59 41.71
13.31 9.59 41.68
13.31 9.53 41.68
13.31 9.56 41.66
13.30 9.56 41.71
13.33 9.56 41.75
13.28 9.56 41.73
13.28 9.56 41.66
13.28 9.53 41.71
13.28 9.65 41.71
13.30 9.56 41.71
13.28 9.59 41.71
13.31 9.59 41.68
13.31 9.56 41.68
13.33 9.59 41.73
13.33 9.53 41.73
13.28 9.59 41.71
13.31 9.53 41.66
13.31 9.51 41.68
13.30 9.59 41.73
13.36 9.56 41.70
13.31 9.56 41.68
13.31 9.62 41.66
13.30 9.56 41.73
13.30 9.59 41.73
13.30 9.59 41.73
13.28 9.59 41.69
13.31 9.53 41.68
13.33 9.62 41.73
13.33 9.56 41.73
13.33 9.56 41.73
13.31 9.53 41.68
13.31 9.53 41.68
13.33 9.53 41.71
13.30 9.53 41.73
13.25 9.56 41.71
13.31 9.62 41.66
13.31 9.56 41.68
13.28 9.53 41.68
13.30 9.59 41.73
13.30 9.62 41.71
13.28 9.62 41.69
13.36 9.53 41.68
13.33 9.56 41.73
13.33 9.59 41.73
13.30 9.59 41.71
13.28 9.56 41.66
13.33 9.59 41.68
13.33 9.56 41.68
13.33 9.56 41.68
13.31 9.59 41.68
13.31 9.53 41.68
13.28 9.62 41.69
13.30 9.56 41.71
13.30 9.56 41.73
13.28 9.59 41.69
13.28 9.59 41.69
13.31 9.59 41.68
13.30 9.53 41.73
13.28 9.53 41.71
13.25 9.62 41.71
13.31 9.59 41.66
13.31 9.53 41.68
13.33 9.59 41.76
13.28 9.62 41.71
13.30 9.62 41.71
13.28 9.53 41.66
13.30 9.56 41.71
13.36 9.56 41.70
13.30 9.62 41.73
13.26 9.53 41.66
13.31 9.53 41.66
13.30 9.59 41.71
13.28 9.56 41.71
13.28 9.56 41.73
13.28 9.62 41.69
13.33 9.56 41.68
13.33 9.56 41.68
13.30 9.53 41.73
13.28 9.59 41.71
13.31 9.59 41.68
13.28 9.56 41.68
13.30 9.59 41.71
13.30 9.56 41.73
13.36 9.59 41.70
13.31 9.56 41.68
13.31 9.53 41.68
13.33 9.53 41.71
13.28 9.62 41.71
13.31 9.59 41.68
13.28 9.56 41.66
13.31 9.53 41.68
13.30 9.59 41.71
13.30 9.59 41.73
13.30 9.59 41.71
13.31 9.53 41.68
13.30 9.59 41.71
13.33 9.56 41.71
13.30 9.56 41.73
13.30 9.56 41.71
13.28 9.53 41.68
13.31 9.56 41.68
13.33 9.56 41.71
13.30 9.56 41.76
13.31 9.62 41.68
13.31 9.56 41.68
13.31 9.56 41.68
13.30 9.56 41.71
13.33 9.62 41.73
13.28 9.56 41.68
13.31 9.59 41.68
13.31 9.53 41.66
13.30 9.59 41.71
13.33 9.65 41.71
13.31 9.59 41.68
13.31 9.56 41.68
13.31 9.56 41.68
13.33 9.56 41.71
13.30 9.56 41.71
13.28 9.56 41.66
13.28 9.62 41.66
13.33 9.53 41.71
13.33 9.53 41.71
13.30 9.59 41.71
13.31 9.53 41.68
13.31 9.53 41.68
13.33 9.59 41.68
13.28 9.56 41.73
13.28 9.56 41.71
13.28 9.53 41.68
13.28 9.56 41.66
13.30 9.62 41.71
13.30 9.56 41.73
13.31 9.59 41.68
13.28 9.59 41.69
13.28 9.53 41.66
13.30 9.53 41.73
13.33 9.56 41.73
13.31 9.62 41.68
13.31 9.53 41.66
13.34 9.56 41.66
13.30 9.56 41.71
13.33 9.53 41.71
13.30 9.56 41.71
13.28 9.56 41.68
13.28 9.56 41.68
13.30 9.53 41.73
13.28 9.59 41.71
13.30 9.59 41.71
13.31 9.53 41.68
13.28 9.56 41.66
13.30 9.62 41.71
13.28 9.62 41.73
13.28 9.59 41.71
13.31 9.56 41.66
13.28 9.56 41.68
13.30 9.56 41.71
13.28 9.59 41.73
13.28 9.56 41.68
13.31 9.53 41.68
13.31 9.59 41.68
13.33 9.51 41.70
13.36 9.59 41.70
13.30 9.59 41.71
13.31 9.56 41.66
13.36 9.53 41.70
13.33 9.59 41.73
13.30 9.59 41.71
13.28 9.56 41.68
13.31 9.53 41.66
13.33 9.59 41.71
13.33 9.56 41.73
13.33 9.59 41.73
13.36 9.59 41.68
13.28 9.53 41.66
13.33 9.51 41.70
13.30 9.59 41.73
13.33 9.53 41.68
13.31 9.56 41.66
13.36 9.53 41.68
13.36 9.59 41.70
13.30 9.62 41.71
13.30 9.56 41.71
13.31 9.53 41.68
13.31 9.51 41.68
13.33 9.59 41.73
13.30 9.53 41.71
13.33 9.56 41.68
13.28 9.56 41.66
13.31 9.56 41.68
13.30 9.53 41.71
13.30 9.59 41.71
13.30 9.56 41.71
13.28 9.56 41.71
13.33 9.56 41.68
13.33 9.62 41.73
13.36 9.59 41.70
13.33 9.62 41.68
13.31 9.56 41.68
13.31 9.56 41.68
13.30 9.59 41.71
13.28 9.56 41.71
13.28 9.53 41.71
13.31 9.56 41.68
13.33 9.62 41.68
13.30 9.53 41.73
13.30 9.65 41.71
13.28 9.56 41.68
13.28 9.56 41.68
13.30 9.53 41.71
13.30 9.53 41.71
13.30 9.62 41.71
13.28 9.53 41.66
13.33 9.53 41.68
13.33 9.53 41.71
13.33 9.62 41.71
13.28 9.59 41.71
13.26 9.59 41.66
13.28 9.53 41.66
13.31 9.51 41.68
13.28 9.56 41.73
13.30 9.53 41.71
13.28 9.56 41.68
13.28 9.53 41.66
13.30 9.56 41.71
13.30 9.56 41.73
13.28 9.56 41.73
13.28 9.53 41.66
13.28 9.56 41.68
13.31 9.59 41.68
13.30 9.62 41.71
13.30 9.59 41.71
13.25 9.53 41.69
13.28 9.53 41.66
13.28 9.56 41.71
13.36 9.56 41.73
13.30 9.59 41.73
13.28 9.56 41.68
13.28 9.56 41.68
13.30 9.53 41.73
13.30 9.62 41.73
13.28 9.59 41.71
13.31 9.59 41.68
13.28 9.53 41.68
13.28 9.56 41.71
13.28 9.56 41.71
13.28 9.59 41.71
13.31 9.56 41.66
13.31 9.59 41.68
13.33 9.56 41.71
13.30 9.59 41.73
13.31 9.56 41.68
13.33 9.51 41.68
13.28 9.56 41.68
13.33 9.56 41.71
13.28 9.56 41.73
13.28 9.53 41.68
13.31 9.59 41.68
13.36 9.62 41.70
13.30 9.56 41.73
13.28 9.62 41.73
13.28 9.53 41.68
13.28 9.59 41.66
13.30 9.56 41.71
13.28 9.56 41.73
13.28 9.56 41.71
13.33 9.59 41.68
13.31 9.56 41.66
13.30 9.56 41.73
13.28 9.62 41.71
13.30 9.56 41.71
13.31 9.56 41.68
13.28 9.56 41.68
13.30 9.59 41.73
13.30 9.56 41.71
13.30 9.59 41.73
13.28 9.53 41.68
13.31 9.56 41.68
13.28 9.62 41.71
13.30 9.59 41.73
13.28 9.56 41.73
13.28 9.56 41.68
13.36 9.53 41.68
13.30 9.53 41.73
13.28 9.56 41.71
13.28 9.56 41.68
13.31 9.59 41.68
13.31 9.56 41.68
13.36 9.59 41.70
13.28 9.56 41.73
13.31 9.56 41.68
13.31 9.62 41.66
13.31 9.56 41.68
13.30 9.56 41.71
13.30 9.62 41.73
13.31 9.56 41.68
13.31 9.56 41.66
13.30 9.53 41.71
13.30 9.56 41.73
13.36 9.53 41.70
13.31 9.59 41.68
13.31 9.53 41.66
13.28 9.53 41.68
13.30 9.59 41.73
13.28 9.59 41.73
13.31 9.59 41.68
13.31 9.59 41.66
13.36 9.56 41.65
13.33 9.56 41.73
13.30 9.53 41.71
13.28 9.53 41.68
13.28 9.56 41.68
13.33 9.56 41.71
13.33 9.59 41.71
13.33 9.56 41.73
13.28 9.53 41.68
13.33 9.56 41.68
13.28 9.53 41.71
13.28 9.53 41.73
13.28 9.53 41.73
13.28 9.56 41.66
13.31 9.53 41.68
13.30 9.62 41.71
13.30 9.62 41.73
13.30 9.59 41.73
13.33 9.59 41.68
13.31 9.59 41.68
13.30 9.56 41.71
13.30 9.53 41.71
13.31 9.56 41.68
13.28 9.56 41.66
13.28 9.56 41.68
13.31 9.65 41.68
13.30 9.62 41.71
13.28 9.59 41.69
13.28 9.56 41.64
13.31 9.59 41.68
13.30 9.56 41.73
13.28 9.53 41.71
13.31 9.62 41.68
13.31 9.51 41.66
13.28 9.53 41.71
13.33 9.51 41.73
13.30 9.53 41.73
13.31 9.56 41.68
13.31 9.56 41.66
13.31 9.56 41.68
13.30 9.59 41.71
13.28 9.62 41.71
13.33 9.56 41.68
13.28 9.53 41.68
13.36 9.53 41.70
13.33 9.56 41.73
13.30 9.59 41.73
13.31 9.56 41.68
13.31 9.53 41.68
13.30 9.53 41.71
13.30 9.56 41.73
13.25 9.53 41.74
13.28 9.59 41.66
13.28 9.53 41.66
13.28 9.51 41.71
13.25 9.53 41.71
13.28 9.62 41.71
13.28 9.59 41.66
13.28 9.53 41.66
13.31 9.53 41.68
13.30 9.53 41.73
13.30 9.59 41.73
13.31 9.59 41.66
13.31 9.53 41.68
13.31 9.53 41.68
13.30 9.53 41.73
13.30 9.62 41.71
13.28 9.62 41.69
13.28 9.56 41.71
13.30 9.62 41.71
13.30 9.59 41.71
13.31 9.62 41.68
13.28 9.56 41.68
13.31 9.56 41.68
13.28 9.56 41.71
13.30 9.59 41.71
13.28 9.53 41.71
13.28 9.56 41.68
13.31 9.56 41.66
13.33 9.59 41.71
13.28 9.62 41.73
13.30 9.56 41.71
13.34 9.56 41.63
13.31 9.51 41.68
13.28 9.59 41.73
13.30 9.53 41.71
13.28 9.56 41.68
13.28 9.59 41.66
13.28 9.51 41.71
13.30 9.53 41.73
13.30 9.59 41.71
13.33 9.59 41.68
13.31 9.56 41.68
13.30 9.56 41.71
13.30 9.56 41.73
13.28 9.59 41.73
13.28 9.62 41.69
13.28 9.59 41.66
13.30 9.53 41.71
13.30 9.59 41.71
13.28 9.56 41.71
13.30 9.56 41.71
13.33 9.59 41.68
13.31 9.62 41.68
13.30 9.56 41.71
13.31 9.56 41.68
13.34 9.56 41.66
13.28 9.56 41.66
13.28 9.53 41.71
13.30 9.59 41.73
13.28 9.59 41.71
13.31 9.62 41.66
13.30 9.53 41.73
13.30 9.56 41.73
13.28 9.53 41.71
13.31 9.62 41.68
13.28 9.56 41.68
13.31 9.53 41.68
13.33 9.59 41.71
13.30 9.59 41.73
13.28 9.56 41.71
13.33 9.56 41.71
13.28 9.59 41.69
13.30 9.59 41.71
13.30 9.53 41.71
13.30 9.56 41.71
13.28 9.59 41.66
13.31 9.56 41.68
13.30 9.59 41.73
13.30 9.56 41.71
13.30 9.56 41.71
13.28 9.53 41.68
13.31 9.59 41.66
13.30 9.59 41.71
13.30 9.56 41.71
13.31 9.53 41.68
13.28 9.56 41.66
13.31 9.53 41.66
13.33 9.53 41.68
13.30 9.59 41.71
13.25 9.59 41.69
13.33 9.53 41.68
13.31 9.53 41.68
13.28 9.53 41.71
13.28 9.59 41.71
13.28 9.62 41.66
13.34 9.56 41.66
13.30 9.59 41.71
13.28 9.53 41.73
13.30 9.53 41.71
13.28 9.56 41.68
13.28 9.53 41.66
13.30 9.53 41.71
13.30 9.56 41.73
13.33 9.53 41.71
13.28 9.53 41.71
13.28 9.59 41.69
13.33 9.62 41.71
13.30 9.56 41.71
13.30 9.56 41.73
13.31 9.56 41.68
13.28 9.53 41.66
13.30 9.59 41.71
13.30 9.56 41.71
13.33 9.56 41.68
13.31 9.59 41.66
13.28 9.56 41.68
13.28 9.56 41.71
13.30 9.56 41.73
13.33 9.59 41.68
13.28 9.59 41.66
13.31 9.59 41.68
13.30 9.56 41.71
13.28 9.56 41.68
13.31 9.62 41.68
13.34 9.59 41.66
13.33 9.59 41.68
13.30 9.56 41.71
13.28 9.56 41.71
13.31 9.56 41.66
13.31 9.56 41.66
13.31 9.53 41.68
13.33 9.56 41.71
13.30 9.59 41.71
13.33 9.56 41.68
13.31 9.59 41.68
13.28 9.56 41.68
13.33 9.53 41.71
13.36 9.62 41.73
13.31 9.56 41.68
13.31 9.56 41.66
13.28 9.53 41.68
13.30 9.56 41.71
13.30 9.56 41.71
13.28 9.56 41.68
13.28 9.56 41.68
13.30 9.56 41.71
13.28 9.53 41.71
13.30 9.59 41.71
13.25 9.59 41.69
13.31 9.56 41.66
13.30 9.53 41.71
13.30 9.53 41.71
13.30 9.53 41.71
13.28 9.53 41.68
13.36 9.53 41.68
13.31 9.51 41.68
13.30 9.59 41.73
13.30 9.62 41.71
13.28 9.53 41.68
13.26 9.56 41.66
13.28 9.59 41.71
13.28 9.62 41.71
13.28 9.56 41.68
13.31 9.53 41.68
13.33 9.59 41.68
13.30 9.56 41.71
13.30 9.56 41.73
13.25 9.56 41.69
13.31 9.62 41.66
13.34 9.56 41.66
13.30 9.59 41.71
13.28 9.56 41.71
13.30 9.59 41.71
13.28 9.56 41.66
13.34 9.56 41.66
13.30 9.59 41.76
13.28 9.59 41.73
13.28 9.56 41.71
13.28 9.56 41.68
13.36 9.56 41.70
13.30 9.62 41.71
13.28 9.59 41.71
13.28 9.53 41.66
13.28 9.56 41.68
13.28 9.53 41.71
13.30 9.56 41.73
13.30 9.56 41.73
13.31 9.59 41.68
13.28 9.59 41.69
13.31 9.59 41.66
13.30 9.53 41.71
13.30 9.56 41.73
13.31 9.53 41.68
13.31 9.53 41.66
13.30 9.56 41.71
13.30 9.56 41.71
13.28 9.53 41.73
13.28 9.59 41.66
13.28 9.56 41.66
13.30 9.59 41.71
13.30 9.56 41.71
13.25 9.51 41.74
13.28 9.59 41.71
13.28 9.53 41.66
13.28 9.59 41.71
13.30 9.53 41.71
13.28 9.56 41.73
13.28 9.59 41.64
13.34 9.56 41.66
13.33 9.59 41.68
13.30 9.59 41.71
13.31 9.56 41.68
13.25 9.56 41.69
13.31 9.53 41.68
13.30 9.53 41.71
13.28 9.56 41.73
13.31 9.59 41.68
13.28 9.56 41.66
13.28 9.59 41.71
13.30 9.56 41.71
13.28 9.53 41.71
13.28 9.53 41.68
13.28 9.62 41.64
13.30 9.56 41.71
13.33 9.56 41.71
13.30 9.62 41.73
13.31 9.56 41.66
13.31 9.62 41.68
13.31 9.56 41.68
13.30 9.53 41.73
13.33 9.62 41.71
13.31 9.59 41.68
13.31 9.62 41.68
13.31 9.56 41.68
13.33 9.53 41.73
13.31 9.59 41.68
13.28 9.59 41.66
13.31 9.59 41.66
13.28 9.59 41.71
13.30 9.53 41.73
13.28 9.53 41.68
13.28 9.56 41.66
13.28 9.53 41.68
13.33 9.56 41.71
13.33 9.56 41.68
13.28 9.65 41.71
13.28 9.56 41.66
13.31 9.59 41.68
13.30 9.56 41.71
13.30 9.53 41.73
13.28 9.59 41.71
13.31 9.59 41.68
13.31 9.56 41.68
13.28 9.56 41.71
13.30 9.53 41.73
13.25 9.59 41.71
13.25 9.53 41.69
13.28 9.53 41.68
13.30 9.53 41.73
13.28 9.59 41.71
13.28 9.56 41.68
13.28 9.56 41.68
13.28 9.56 41.66
13.33 9.56 41.73
13.30 9.56 41.71
13.25 9.56 41.71
13.28 9.56 41.68
13.28 9.53 41.68
13.30 9.53 41.73
13.30 9.56 41.71
13.31 9.56 41.68
13.28 9.56 41.66
13.28 9.59 41.71
13.30 9.56 41.71
13.33 9.59 41.73
13.28 9.59 41.69
13.36 9.56 41.65
13.30 9.56 41.71
13.30 9.56 41.73
13.28 9.59 41.71
13.31 9.56 41.68
13.31 9.59 41.68
13.31 9.56 41.68
13.30 9.59 41.73
13.31 9.59 41.68
13.31 9.56 41.68
13.28 9.53 41.66
13.31 9.53 41.68
13.30 9.56 41.71
13.30 9.56 41.71
13.28 9.56 41.66
13.31 9.56 41.66
13.30 9.56 41.73
13.28 9.56 41.71
13.25 9.59 41.71
13.25 9.53 41.71
13.31 9.56 41.68
13.30 9.56 41.71
13.28 9.59 41.71
13.31 9.59 41.68
13.31 9.59 41.66
13.33 9.59 41.68
13.33 9.53 41.71
13.30 9.59 41.71
13.30 9.59 41.71
13.31 9.56 41.66
13.31 9.56 41.68
13.30 9.62 41.71
13.30 9.62 41.73
13.28 9.59 41.69
13.28 9.56 41.66
13.30 9.53 41.71
13.30 9.56 41.76
13.30 9.53 41.71
13.31 9.53 41.68
13.28 9.53 41.68
13.28 9.53 41.66
13.33 9.56 41.71
13.30 9.56 41.73
13.30 9.59 41.71
13.31 9.56 41.66
13.31 9.59 41.68
13.30 9.56 41.73
13.30 9.59 41.71
13.31 9.62 41.68
13.28 9.59 41.66
13.31 9.56 41.68
13.33 9.56 41.71
13.30 9.59 41.73
13.28 9.53 41.66
13.31 9.53 41.63
13.33 9.53 41.71
13.30 9.56 41.71
13.28 9.59 41.71
13.31 9.56 41.68
13.28 9.53 41.68
13.30 9.53 41.71
13.30 9.51 41.71
13.31 9.56 41.68
13.28 9.53 41.66
13.28 9.53 41.68
13.33 9.56 41.71
13.28 9.53 41.73
13.30 9.59 41.71
13.28 9.56 41.68
13.31 9.59 41.66
13.31 9.51 41.68
13.30 9.56 41.71
13.31 9.56 41.68
13.28 9.53 41.66
13.31 9.59 41.68
13.30 9.53 41.73
13.30 9.51 41.73
13.30 9.56 41.71
13.31 9.53 41.68
13.30 9.56 41.71
13.30 9.53 41.71
13.30 9.53 41.73
13.30 9.59 41.71
13.31 9.53 41.66
13.33 9.56 41.68
13.30 9.59 41.71
13.30 9.53 41.73
13.31 9.56 41.68
13.31 9.53 41.68
13.31 9.53 41.68
13.33 9.56 41.68
13.31 9.56 41.68
13.31 9.62 41.66
13.31 9.53 41.66
13.28 9.53 41.68
13.33 9.53 41.68
13.28 9.56 41.71
13.34 9.56 41.66
13.28 9.56 41.66
13.31 9.56 41.68
13.28 9.59 41.71
13.30 9.59 41.71
13.28 9.56 41.68
13.33 9.56 41.68
13.28 9.56 41.71
13.30 9.59 41.73
13.33 9.51 41.70
13.31 9.59 41.66
13.31 9.56 41.68
13.30 9.56 41.71
13.33 9.56 41.71
13.30 9.56 41.71
13.31 9.59 41.66
13.31 9.59 41.68
13.33 9.62 41.68
13.30 9.56 41.73
13.30 9.62 41.71
13.31 9.59 41.66
13.28 9.62 41.69
13.30 9.59 41.73
13.30 9.59 41.73
13.30 9.56 41.71
13.31 9.56 41.66
13.31 9.62 41.68
13.30 9.59 41.71
13.28 9.59 41.71
13.28 9.59 41.69
13.31 9.53 41.66
13.28 9.56 41.66
13.33 9.53 41.71
13.30 9.59 41.76
13.28 9.53 41.66
13.28 9.53 41.66
13.28 9.56 41.68
13.31 9.53 41.68
13.30 9.53 41.73
13.28 9.56 41.68
13.31 9.62 41.66
13.33 9.53 41.71
13.33 9.56 41.71
13.33 9.59 41.73
13.33 9.56 41.68
13.28 9.56 41.68
13.33 9.53 41.68
13.30 9.59 41.73
13.30 9.56 41.73
13.30 9.56 41.71
13.31 9.53 41.66
13.30 9.56 41.71
13.33 9.53 41.71
13.30 9.53 41.71
13.31 9.59 41.68
13.31 9.62 41.66
13.30 9.53 41.71
13.33 9.51 41.73
13.30 9.59 41.73
13.28 9.59 41.66
13.31 9.56 41.68
13.30 9.53 41.71
13.30 9.59 41.71
13.30 9.56 41.73
13.28 9.53 41.68
13.31 9.59 41.68
13.30 9.56 41.71
13.28 9.56 41.71
13.28 9.56 41.71
13.28 9.53 41.68
13.28 9.56 41.68
13.33 9.56 41.71
13.33 9.59 41.71
13.28 9.56 41.71
13.31 9.56 41.68
13.31 9.56 41.68
13.33 9.59 41.71
13.30 9.56 41.73
13.30 9.53 41.71
13.31 9.56 41.66
13.28 9.51 41.68
13.33 9.56 41.73
13.28 9.56 41.73
13.28 9.59 41.71
13.31 9.62 41.66
13.28 9.56 41.68
13.28 9.56 41.71
13.31 9.62 41.68
13.30 9.62 41.71
13.28 9.59 41.66
13.33 9.53 41.68
13.30 9.56 41.71
13.28 9.59 41.71
13.31 9.53 41.68
13.28 9.53 41.71
13.33 9.59 41.68
13.30 9.65 41.71
13.33 9.56 41.68
13.31 9.62 41.68
13.28 9.53 41.68
13.31 9.56 41.68
13.33 9.53 41.71
13.30 9.62 41.73
13.31 9.53 41.66
13.28 9.56 41.64
13.28 9.53 41.68
13.33 9.59 41.71
13.30 9.59 41.71
13.26 9.56 41.66
13.31 9.62 41.66
13.28 9.59 41.71
13.33 9.65 41.73
13.30 9.62 41.71
13.28 9.56 41.68
13.28 9.56 41.66
13.28 9.56 41.71
13.30 9.62 41.71
13.28 9.59 41.69
13.31 9.56 41.68
13.31 9.53 41.68
13.30 9.53 41.71
13.33 9.53 41.73
13.28 9.56 41.71
13.28 9.53 41.68
13.28 9.53 41.66
13.31 9.51 41.68
13.30 9.56 41.71
13.28 9.59 41.69
13.28 9.59 41.66
13.31 9.56 41.66
13.33 9.53 41.71
13.30 9.62 41.73
13.31 9.56 41.66
13.31 9.59 41.66
13.31 9.53 41.66
13.31 9.59 41.68
13.33 9.62 41.73
13.31 9.53 41.68
13.28 9.53 41.66
13.31 9.56 41.68
13.30 9.56 41.71
13.30 9.56 41.71
13.31 9.56 41.66
13.33 9.59 41.68
13.31 9.59 41.68
13.30 9.62 41.71
13.30 9.56 41.71
13.31 9.56 41.68
13.28 9.56 41.68
13.31 9.56 41.68
13.33 9.59 41.73
13.33 9.56 41.71
13.36 9.59 41.68
13.36 9.59 41.68
13.28 9.56 41.68
13.30 9.53 41.71
13.31 9.53 41.68
13.31 9.53 41.66
13.31 9.56 41.66
13.33 9.56 41.71
13.30 9.62 41.71
13.33 9.53 41.71
13.31 9.53 41.66
13.31 9.53 41.66
13.31 9.51 41.68
13.30 9.53 41.71
13.30 9.53 41.71
13.28 9.56 41.66
13.34 9.56 41.66
13.28 9.59 41.71
13.33 9.53 41.71
13.28 9.59 41.71
13.28 9.56 41.66
13.31 9.51 41.66
13.30 9.53 41.71
13.28 9.59 41.73
13.28 9.59 41.71
13.28 9.53 41.66
13.31 9.56 41.66
13.30 9.56 41.71
13.30 9.59 41.71
13.33 9.53 41.71
13.31 9.53 41.66
13.30 9.53 41.71
13.28 9.59 41.73
13.30 9.53 41.71
13.31 9.62 41.66
13.34 9.53 41.66
13.31 9.53 41.68
13.30 9.62 41.73
13.30 9.56 41.71
13.28 9.56 41.68
13.28 9.56 41.66
13.30 9.53 41.71
13.30 9.56 41.71
13.28 9.65 41.71
13.28 9.56 41.68
13.31 9.53 41.66
13.31 9.53 41.68
13.30 9.59 41.73
13.28 9.62 41.69
13.28 9.56 41.68
13.28 9.59 41.69
13.33 9.62 41.68
13.28 9.59 41.73
13.30 9.56 41.71
13.31 9.56 41.68
13.28 9.62 41.66
13.33 9.56 41.71
13.33 9.59 41.73
13.30 9.56 41.71
13.31 9.53 41.66
13.31 9.56 41.68
13.33 9.62 41.71
13.33 9.62 41.73
13.28 9.53 41.71
13.31 9.53 41.68
13.31 9.56 41.66
13.33 9.53 41.71
13.30 9.59 41.71
13.28 9.53 41.71
13.31 9.56 41.66
13.31 9.56 41.68
13.28 9.56 41.68
13.30 9.56 41.71
13.30 9.62 41.71
13.31 9.53 41.66
13.30 9.56 41.71
13.30 9.53 41.73
13.30 9.59 41.71
13.30 9.53 41.71
13.31 9.53 41.68
13.28 9.53 41.71
13.30 9.56 41.73
13.28 9.56 41.71
13.28 9.56 41.68
13.28 9.56 41.66
13.30 9.53 41.71
13.30 9.56 41.71
13.28 9.56 41.71
13.28 9.56 41.66
13.28 9.56 41.68
13.31 9.56 41.68
13.30 9.56 41.73
13.30 9.62 41.71
13.31 9.53 41.66
13.28 9.53 41.68
13.31 9.56 41.68
13.30 9.56 41.71
13.28 9.56 41.71
13.28 9.53 41.66
13.28 9.56 41.66
13.31 9.56 41.68
13.30 9.59 41.73
13.33 9.56 41.71
13.28 9.53 41.68
13.34 9.53 41.66
13.31 9.59 41.68
13.30 9.56 41.71
13.28 9.59 41.71
13.26 9.59 41.66
13.31 9.53 41.68
13.33 9.56 41.73
13.33 9.56 41.73
13.31 9.56 41.68
13.31 9.56 41.66
13.34 9.53 41.66
13.33 9.53 41.68
13.30 9.56 41.71
13.30 9.56 41.71
13.28 9.56 41.68
13.30 9.53 41.71
13.30 9.59 41.73
13.30 9.56 41.73
13.30 9.53 41.71
13.28 9.59 41.66
13.31 9.59 41.68
13.28 9.53 41.73
13.31 9.56 41.68
13.28 9.51 41.71
13.31 9.56 41.68
13.30 9.53 41.71
13.30 9.59 41.71
13.30 9.53 41.71
13.28 9.56 41.68
13.36 9.53 41.68
13.28 9.53 41.68
13.31 9.51 41.68
13.33 9.59 41.73
13.31 9.59 41.66
13.28 9.51 41.66
13.33 9.59 41.71
13.30 9.53 41.73
13.28 9.56 41.71
13.31 9.56 41.66
13.28 9.53 41.66
13.30 9.53 41.71
13.28 9.53 41.68
13.31 9.59 41.68
13.28 9.56 41.71
13.31 9.56 41.66
13.33 9.59 41.71
13.30 9.53 41.73
13.36 9.59 41.68
13.28 9.56 41.68
13.31 9.59 41.66
13.33 9.56 41.71
13.30 9.53 41.71
13.28 9.59 41.71
13.31 9.56 41.68
13.31 9.59 41.66
13.31 9.59 41.68
13.30 9.56 41.71
13.30 9.59 41.71
13.31 9.53 41.66
13.28 9.53 41.68
13.30 9.56 41.73
13.28 9.53 41.71
13.31 9.56 41.68
13.31 9.56 41.66
13.28 9.56 41.68
13.28 9.56 41.71
13.30 9.59 41.73
13.30 9.56 41.71
13.31 9.51 41.68
13.31 9.56 41.68
13.33 9.59 41.68
13.30 9.51 41.71
13.28 9.56 41.68
13.28 9.51 41.66
13.31 9.53 41.68
13.30 9.53 41.71
13.28 9.62 41.71
13.28 9.59 41.69
13.34 9.53 41.66
13.33 9.56 41.68
13.30 9.53 41.71
13.30 9.56 41.71
13.31 9.59 41.66
13.31 9.56 41.66
13.28 9.56 41.71
13.30 9.59 41.71
13.28 9.56 41.68
13.30 9.56 41.71
13.26 9.53 41.66
13.33 9.56 41.71
13.30 9.59 41.73
13.28 9.62 41.73
13.31 9.59 41.68
13.28 9.53 41.66
13.30 9.56 41.71
13.30 9.59 41.71
13.31 9.56 41.68
13.31 9.53 41.68
13.28 9.53 41.66
13.31 9.59 41.68
13.28 9.56 41.73
13.28 9.59 41.69
13.28 9.56 41.66
13.31 9.53 41.66
13.28 9.53 41.71
13.30 9.59 41.73
13.28 9.53 41.71
13.33 9.59 41.68
13.26 9.59 41.66
13.28 9.59 41.71
13.30 9.59 41.71
13.31 9.56 41.68
13.31 9.56 41.68
13.33 9.53 41.68
13.30 9.59 41.71
13.33 9.59 41.71
13.31 9.59 41.68
13.28 9.62 41.66
13.33 9.56 41.71
13.33 9.56 41.71
13.28 9.56 41.71
13.28 9.56 41.68
13.28 9.56 41.66
13.34 9.56 41.66
13.33 9.53 41.71
13.28 9.62 41.73
13.31 9.62 41.68
13.28 9.56 41.66
13.28 9.51 41.71
13.30 9.56 41.71
13.33 9.59 41.73
13.28 9.56 41.71
13.33 9.53 41.68
13.33 9.53 41.71
13.28 9.59 41.71
13.28 9.59 41.73
13.28 9.53 41.66
13.31 9.56 41.68
13.30 9.59 41.71
13.30 9.59 41.71
13.36 9.56 41.70
13.33 9.53 41.68
13.28 9.59 41.69
13.30 9.53 41.71
13.28 9.56 41.71
13.28 9.56 41.71
13.31 9.59 41.68
13.28 9.56 41.66
13.30 9.56 41.73
13.30 9.56 41.76
13.30 9.56 41.71
13.31 9.53 41.68
13.28 9.56 41.68
13.33 9.53 41.71
13.33 9.56 41.71
13.30 9.56 41.71
13.28 9.56 41.66
13.33 9.62 41.68
13.30 9.59 41.73
13.28 9.56 41.71
13.25 9.59 41.69
13.33 9.59 41.68
13.31 9.56 41.68
13.28 9.59 41.71
13.28 9.56 41.71
13.28 9.56 41.68
13.28 9.56 41.66
13.28 9.59 41.69
13.33 9.56 41.71
13.28 9.62 41.71
13.28 9.59 41.71
13.28 9.56 41.66
13.31 9.51 41.66
13.30 9.59 41.71
13.28 9.59 41.71
13.28 9.62 41.71
13.31 9.56 41.66
13.28 9.56 41.68
13.30 9.65 41.71
13.30 9.56 41.71
13.31 9.56 41.68
13.33 9.56 41.68
13.28 9.53 41.71
13.30 9.56 41.71
13.31 9.56 41.68
13.31 9.59 41.68
13.31 9.56 41.66
13.33 9.59 41.71
13.30 9.59 41.71
13.28 9.65 41.71
13.28 9.59 41.66
13.28 9.62 41.66
13.30 9.56 41.71
13.33 9.59 41.68
13.30 9.56 41.71
13.28 9.53 41.66
13.28 9.56 41.66
13.31 9.59 41.68
13.30 9.59 41.71
13.28 9.62 41.71
13.31 9.56 41.66
13.31 9.56 41.66
13.33 9.56 41.71
13.30 9.53 41.73
13.33 9.56 41.71
13.31 9.53 41.68
13.31 9.51 41.68
13.33 9.56 41.68
13.30 9.56 41.71
13.28 9.56 41.68
13.28 9.62 41.66
13.30 9.56 41.71
13.30 9.59 41.71
13.28 9.53 41.71
13.28 9.59 41.66
13.31 9.59 41.66
13.31 9.56 41.68
13.30 9.53 41.71
13.30 9.59 41.73
13.25 9.59 41.71
13.28 9.56 41.66
13.31 9.51 41.68
13.33 9.53 41.68
13.30 9.53 41.71
13.31 9.59 41.68
13.31 9.59 41.68
13.31 9.59 41.68
13.30 9.56 41.73
13.30 9.56 41.71
13.28 9.53 41.68
13.31 9.56 41.66
13.31 9.51 41.68
13.30 9.53 41.71
13.30 9.59 41.71
13.30 9.53 41.71
13.31 9.56 41.68
13.28 9.56 41.71
13.30 9.59 41.71
13.28 9.56 41.73
13.31 9.59 41.68
13.28 9.53 41.66
13.30 9.56 41.71
13.28 9.59 41.73
13.28 9.53 41.71
13.26 9.56 41.64
13.28 9.53 41.66
13.30 9.53 41.71
13.30 9.53 41.71
13.30 9.56 41.71
13.28 9.56 41.68
13.33 9.56 41.68
13.33 9.56 41.73
13.28 9.56 41.73
13.28 9.53 41.71
13.28 9.59 41.64
13.31 9.53 41.68
13.28 9.59 41.69
13.30 9.59 41.71
13.28 9.59 41.69
13.28 9.59 41.66
13.31 9.53 41.68
13.31 9.59 41.68
13.30 9.56 41.71
13.31 9.56 41.68
13.28 9.56 41.68
13.31 9.59 41.68
13.30 9.56 41.71
13.30 9.59 41.71
13.25 9.56 41.69
13.26 9.53 41.66
13.31 9.59 41.68
13.30 9.59 41.71
13.28 9.56 41.71
13.31 9.56 41.68
13.31 9.56 41.66
13.30 9.53 41.71
13.25 9.56 41.69
13.28 9.56 41.71
13.28 9.56 41.68
13.31 9.56 41.68
13.28 9.56 41.68
13.28 9.56 41.71
13.33 9.56 41.68
13.31 9.53 41.68
13.31 9.59 41.68
13.33 9.56 41.68
13.33 9.56 41.73
13.30 9.56 41.71
13.28 9.56 41.68
13.28 9.53 41.68
13.28 9.53 41.71
13.30 9.59 41.73
13.28 9.59 41.71
13.28 9.56 41.68
13.31 9.53 41.66
13.33 9.56 41.68
13.30 9.53 41.71
13.31 9.62 41.68
13.28 9.51 41.66
13.28 9.53 41.66
13.30 9.62 41.71
13.30 9.53 41.71
13.25 9.59 41.71
13.28 9.56 41.66
13.28 9.56 41.66
13.30 9.56 41.71
13.28 9.59 41.71
13.30 9.56 41.71
13.25 9.56 41.69
13.31 9.53 41.66
13.31 9.59 41.68
13.28 9.62 41.71
13.28 9.62 41.69
13.31 9.56 41.66
13.31 9.53 41.68
13.31 9.53 41.68
13.28 9.59 41.69
13.31 9.59 41.68
13.28 9.53 41.66
13.31 9.53 41.68
13.30 9.53 41.71
13.30 9.59 41.73
13.31 9.51 41.68
13.28 9.56 41.68
13.33 9.56 41.71
13.33 9.59 41.71
13.30 9.62 41.71
13.28 9.56 41.68
13.31 9.56 41.66
13.28 9.56 41.71
13.33 9.56 41.73
13.30 9.59 41.71
13.28 9.53 41.68
13.28 9.53 41.68
13.30 9.53 41.71
13.33 9.53 41.73
13.28 9.59 41.71
13.33 9.53 41.68
13.31 9.53 41.68
13.31 9.51 41.68
13.30 9.53 41.73
13.31 9.53 41.68
13.28 9.56 41.66
13.31 9.53 41.66
13.30 9.53 41.71
13.30 9.53 41.73
13.28 9.56 41.68
13.25 9.56 41.69
13.31 9.59 41.68
13.30 9.56 41.71
13.33 9.59 41.73
13.28 9.59 41.69
13.28 9.56 41.68
13.28 9.59 41.69
13.33 9.56 41.71
13.30 9.62 41.71
13.28 9.53 41.68
13.31 9.53 41.68
13.33 9.56 41.71
13.30 9.59 41.73
13.33 9.59 41.71
13.31 9.59 41.68
13.31 9.51 41.68
13.31 9.56 41.68
13.28 9.53 41.71
13.30 9.59 41.71
13.30 9.59 41.71
13.30 9.56 41.71
13.33 9.59 41.71
13.28 9.56 41.71
13.28 9.53 41.71
13.31 9.51 41.68
13.30 9.59 41.71
13.31 9.59 41.68
13.30 9.56 41.73
13.30 9.53 41.71
13.31 9.59 41.66
13.28 9.53 41.68
13.33 9.56 41.71
13.33 9.56 41.75
13.28 9.56 41.71
13.28 9.56 41.68
13.28 9.53 41.66
13.33 9.59 41.68
13.33 9.53 41.75
13.28 9.56 41.71
13.31 9.53 41.66
13.28 9.53 41.66
13.30 9.53 41.71
13.28 9.56 41.71
13.30 9.56 41.71
13.28 9.59 41.71
13.33 9.51 41.70
13.31 9.51 41.68
13.28 9.53 41.73
13.31 9.53 41.68
13.36 9.56 41.68
13.31 9.53 41.66
13.30 9.59 41.71
13.30 9.56 41.73
13.31 9.59 41.68
13.31 9.59 41.68
13.30 9.53 41.71
13.33 9.51 41.73
13.28 9.53 41.71
13.28 9.59 41.69
13.28 9.53 41.66
13.28 9.56 41.68
13.30 9.59 41.71
13.28 9.62 41.71
13.25 9.56 41.69
13.28 9.56 41.68
13.31 9.53 41.66
13.30 9.56 41.73
13.28 9.53 41.71
13.31 9.56 41.68
13.31 9.53 41.66
13.33 9.51 41.68
13.30 9.56 41.71
13.33 9.56 41.71
13.33 9.56 41.68
13.28 9.53 41.68
13.28 9.56 41.71
13.30 9.53 41.73
13.30 9.59 41.71
13.28 9.56 41.66
13.28 9.53 41.66
13.28 9.56 41.68
13.30 9.56 41.71
13.30 9.59 41.71
13.25 9.53 41.69
13.28 9.56 41.66
13.33 9.53 41.71
13.30 9.51 41.71
13.28 9.56 41.73
13.28 9.53 41.66
13.28 9.56 41.68
13.28 9.56 41.71
13.30 9.59 41.73
13.28 9.56 41.71
13.33 9.53 41.68
13.31 9.56 41.68
13.28 9.51 41.73
13.28 9.59 41.71
13.30 9.56 41.71
13.28 9.51 41.66
13.28 9.51 41.71
13.33 9.56 41.71
13.28 9.56 41.68
13.28 9.56 41.71
13.28 9.59 41.69
13.31 9.59 41.66
13.30 9.56 41.71
13.30 9.56 41.71
13.31 9.59 41.68
13.31 9.53 41.68
13.33 9.53 41.68
13.30 9.56 41.71
13.28 9.62 41.73
13.28 9.59 41.71
13.28 9.53 41.68
13.25 9.56 41.69
13.33 9.56 41.73
13.30 9.59 41.73
13.25 9.56 41.69
13.31 9.53 41.66
13.28 9.53 41.66
13.28 9.59 41.71
13.33 9.56 41.71
13.28 9.59 41.69
13.28 9.56 41.68
13.28 9.53 41.71
13.30 9.56 41.71
13.30 9.59 41.71
13.28 9.53 41.68
13.31 9.53 41.68
13.30 9.56 41.73
13.33 9.56 41.73
13.30 9.62 41.71
13.28 9.59 41.69
13.31 9.59 41.66
13.33 9.59 41.71
13.33 9.56 41.73
13.25 9.59 41.71
13.28 9.59 41.69
13.31 9.51 41.66
13.33 9.53 41.71
13.30 9.53 41.71
13.30 9.62 41.71
13.28 9.59 41.69
13.31 9.53 41.68
13.31 9.59 41.68
13.25 9.56 41.71
13.31 9.53 41.68
13.26 9.56 41.66
13.28 9.59 41.66
13.33 9.59 41.71
13.30 9.59 41.71
13.28 9.56 41.68
13.31 9.56 41.68
13.31 9.53 41.66
13.28 9.56 41.71
13.30 9.59 41.71
13.28 9.53 41.71
13.28 9.56 41.68
13.30 9.59 41.71
13.28 9.56 41.71
13.30 9.53 41.71
13.28 9.53 41.68
13.28 9.56 41.66
13.28 9.59 41.69
13.30 9.59 41.71
13.30 9.53 41.73
13.31 9.59 41.68
13.31 9.56 41.66
13.33 9.53 41.68
13.33 9.56 41.73
13.30 9.59 41.71
13.31 9.59 41.68
13.34 9.53 41.66
13.33 9.53 41.68
13.30 9.56 41.73
13.31 9.59 41.68
13.31 9.53 41.66
13.31 9.53 41.66
13.28 9.59 41.73
13.30 9.59 41.73
13.28 9.59 41.73
13.31 9.59 41.66
13.33 9.51 41.68
13.30 9.56 41.71
13.30 9.59 41.73
13.33 9.56 41.71
13.31 9.53 41.66
13.28 9.53 41.68
13.30 9.59 41.71
13.30 9.59 41.71
13.36 9.59 41.68
13.31 9.56 41.68
13.28 9.53 41.68
13.28 9.56 41.71
13.28 9.62 41.71
13.28 9.56 41.71
13.31 9.53 41.68
13.33 9.56 41.68
13.30 9.62 41.71
13.36 9.56 41.73
13.31 9.56 41.66
13.31 9.53 41.68
13.33 9.53 41.68
13.33 9.59 41.71
13.30 9.53 41.71
13.31 9.53 41.68
13.36 9.56 41.65
13.28 9.59 41.69
13.30 9.53 41.71
13.36 9.59 41.70
13.31 9.53 41.68
13.34 9.53 41.66
13.33 9.53 41.68
13.30 9.59 41.71
13.33 9.59 41.71
13.31 9.56 41.68
13.28 9.53 41.68
13.33 9.53 41.71
13.28 9.53 41.73
13.30 9.53 41.71
13.30 9.53 41.71
13.33 9.51 41.68
13.30 9.53 41.71
13.33 9.56 41.68
13.28 9.59 41.69
13.28 9.51 41.68
13.31 9.53 41.66
13.30 9.53 41.71
13.30 9.65 41.73
13.30 9.56 41.71
13.28 9.53 41.66
13.31 9.56 41.66
13.33 9.53 41.71
13.33 9.53 41.71
13.30 9.56 41.71
13.28 9.56 41.68
13.30 9.53 41.71
13.33 9.53 41.71
13.30 9.56 41.73
13.28 9.56 41.68
13.28 9.56 41.68
13.31 9.56 41.68
13.31 9.53 41.68
13.30 9.56 41.73
13.30 9.53 41.71
13.26 9.56 41.66
13.28 9.56 41.71
13.33 9.56 41.71
13.28 9.53 41.73
13.25 9.59 41.69
13.28 9.53 41.66
13.30 9.51 41.71
13.25 9.53 41.71
13.30 9.56 41.71
13.31 9.62 41.66
13.31 9.59 41.66
13.33 9.59 41.68
13.33 9.53 41.71
13.30 9.53 41.73
13.31 9.53 41.68
13.31 9.56 41.68
13.33 9.51 41.70
13.30 9.56 41.71
13.28 9.59 41.71
13.28 9.59 41.69
13.31 9.53 41.68
13.30 9.56 41.71
13.28 9.59 41.71
13.31 9.59 41.68
13.28 9.59 41.66
13.28 9.56 41.66
13.33 9.56 41.71
13.30 9.53 41.71
13.30 9.53 41.71
13.26 9.53 41.64
13.30 9.56 41.71
13.30 9.48 41.71
13.28 9.56 41.71
13.36 9.59 41.68
13.26 9.59 41.66
13.31 9.56 41.68
13.30 9.53 41.71
13.30 9.59 41.71
13.28 9.56 41.71
13.28 9.53 41.66
13.30 9.53 41.71
13.30 9.53 41.71
13.30 9.59 41.71
13.31 9.51 41.68
13.31 9.56 41.66
13.31 9.53 41.68
13.31 9.56 41.68
13.30 9.56 41.73
13.30 9.56 41.71
13.28 9.53 41.66
13.31 9.59 41.68
13.30 9.53 41.71
13.27 9.59 41.76
13.28 9.56 41.68
13.34 9.51 41.66
13.31 9.56 41.66
13.30 9.62 41.71
13.33 9.53 41.71
13.28 9.56 41.68
13.28 9.59 41.66
13.31 9.53 41.66
13.33 9.56 41.71
13.28 9.59 41.71
13.28 9.51 41.68
13.31 9.56 41.68
13.28 9.53 41.68
13.33 9.59 41.71
13.30 9.59 41.71
13.31 9.56 41.68
13.33 9.53 41.68
13.31 9.62 41.68
13.33 9.56 41.73
13.30 9.53 41.71
13.33 9.56 41.68
13.30 9.59 41.71
13.33 9.51 41.70
13.36 9.59 41.73
13.31 9.53 41.68
13.31 9.59 41.66
13.34 9.56 41.66
13.33 9.59 41.68
13.33 9.59 41.71
13.33 9.62 41.68
13.34 9.62 41.66
13.33 9.56 41.68
13.30 9.53 41.71
13.30 9.59 41.73
13.28 9.51 41.71
13.31 9.53 41.68
13.31 9.56 41.66
13.33 9.53 41.71
13.30 9.53 41.73
13.31 9.56 41.68
13.31 9.59 41.66
13.31 9.56 41.66
13.30 9.56 41.71
13.28 9.56 41.73
13.31 9.53 41.66
13.28 9.56 41.66
13.31 9.56 41.68
13.36 9.59 41.70
13.30 9.56 41.71
13.30 9.56 41.71
13.28 9.56 41.66
13.30 9.56 41.71
13.30 9.53 41.73
13.27 9.53 41.76
13.31 9.53 41.68
13.28 9.56 41.68
13.30 9.56 41.71
13.30 9.59 41.73
13.33 9.53 41.71
13.31 9.59 41.68
13.25 9.53 41.69
13.33 9.56 41.71
13.33 9.56 41.73
13.30 9.56 41.71
13.31 9.56 41.68
13.34 9.59 41.66
13.33 9.59 41.71
13.31 9.56 41.68
13.30 9.56 41.71
13.28 9.59 41.69
13.28 9.59 41.69
13.30 9.53 41.71
13.28 9.62 41.73
13.28 9.59 41.73
13.28 9.53 41.66
13.28 9.53 41.68
13.28 9.56 41.71
13.30 9.59 41.73
13.25 9.56 41.71
13.28 9.53 41.66
13.30 9.51 41.71
13.30 9.56 41.73
13.30 9.56 41.71
13.28 9.56 41.68
13.26 9.56 41.66
13.31 9.56 41.68
13.33 9.56 41.68
13.30 9.59 41.71
13.31 9.59 41.68
13.28 9.56 41.66
13.30 9.53 41.71
13.30 9.62 41.73
13.30 9.59 41.71
13.28 9.53 41.68
13.31 9.59 41.66
13.31 9.53 41.68
13.30 9.53 41.71
13.33 9.51 41.70
13.30 9.59 41.71
13.31 9.53 41.68
13.31 9.59 41.68
13.36 9.59 41.70
13.30 9.59 41.73
13.31 9.56 41.66
13.31 9.59 41.68
13.31 9.56 41.68
13.33 9.59 41.73
13.30 9.59 41.73
13.31 9.59 41.68
13.28 9.59 41.69
13.28 9.51 41.71
13.30 9.56 41.71
13.30 9.62 41.71
13.31 9.53 41.68
