-1.89 1.84 77.68
-1.91 1.83 77.71
-1.89 1.81 77.67
-1.92 1.85 77.69
-1.91 1.83 77.68
-1.89 1.85 77.69
-1.93 1.81 77.68
-1.91 1.81 77.65
-1.89 1.84 77.72
-1.91 1.85 77.68
-1.91 1.85 77.67
-1.91 1.87 77.69
-1.89 1.81 77.64
-1.89 1.84 77.72
-1.92 1.81 77.68
-1.89 1.83 77.69
-1.93 1.83 77.71
-1.89 1.81 77.67
-1.91 1.85 77.67
-1.92 1.85 77.68
-1.91 1.84 77.67
-1.91 1.83 77.71
-1.89 1.80 77.67
-1.89 1.87 77.68
-1.89 1.80 77.69
-1.91 1.84 77.68
-1.92 1.85 77.71
-1.89 1.83 77.67
-1.92 1.84 77.69
-1.89 1.84 77.69
-1.89 1.83 77.67
-1.91 1.85 77.69
-1.91 1.81 77.67
-1.91 1.84 77.69
-1.91 1.83 77.69
-1.89 1.83 77.67
-1.91 1.85 77.69
-1.91 1.83 77.69
-1.89 1.85 77.68
-1.91 1.83 77.71
-1.91 1.84 77.67
-1.89 1.84 77.72
-1.92 1.83 77.69
-1.89 1.83 77.67
-1.91 1.87 77.71
-1.91 1.79 77.67
-1.91 1.85 77.71
-1.91 1.83 77.69
-1.91 1.83 77.69
-1.92 1.83 77.71
-1.92 1.79 77.68
-1.91 1.87 77.69
-1.92 1.83 77.72
-1.89 1.84 77.67
-1.91 1.85 77.71
-1.91 1.81 77.68
-1.89 1.84 77.69
-1.93 1.83 77.71
-1.92 1.84 77.67
-1.89 1.84 77.71
-1.92 1.84 77.69
-1.88 1.85 77.69
-1.92 1.85 77.73
-1.93 1.81 77.64
-1.91 1.83 77.69
-1.92 1.81 77.68
-1.89 1.84 77.67
-1.92 1.84 77.71
-1.91 1.85 77.65
-1.91 1.88 77.72
-1.91 1.81 77.68
-1.89 1.85 77.68
-1.89 1.87 77.69
-1.91 1.83 77.68
-1.91 1.87 77.69
-1.92 1.84 77.68
-1.89 1.81 77.67
-1.91 1.83 77.69
-1.93 1.84 77.68
-1.91 1.89 77.71
-1.93 1.85 77.69
-1.91 1.84 77.67
-1.93 1.87 77.69
-1.92 1.81 77.65
-1.92 1.85 77.67
-1.92 1.83 77.71
-1.92 1.83 77.64
-1.92 1.87 77.69
-1.92 1.83 77.68
-1.91 1.85 77.65
-1.91 1.84 77.71
-1.93 1.80 77.64
-1.92 1.85 77.69
-1.92 1.80 77.67
-1.89 1.87 77.67
-1.91 1.85 77.68
-1.92 1.83 77.64
-1.92 1.87 77.71
-1.91 1.83 77.68
-1.91 1.81 77.65
-1.92 1.83 77.69
-1.91 1.81 77.65
-1.92 1.87 77.67
-1.92 1.84 77.69
-1.93 1.81 77.67
-1.93 1.85 77.69
-1.93 1.81 77.67
-1.93 1.84 77.65
-1.93 1.81 77.68
-1.91 1.83 77.63
-1.93 1.83 77.69
-1.93 1.81 77.67
-1.93 1.87 77.67
-1.93 1.87 77.68
-1.92 1.81 77.65
-1.92 1.83 77.69
-1.95 1.81 77.67
-1.93 1.84 77.67
-1.95 1.84 77.69
-1.92 1.80 77.65
-1.93 1.85 77.69
-1.93 1.76 77.65
-1.92 1.80 77.65
-1.93 1.81 77.68
-1.92 1.79 77.64
-1.92 1.85 77.65
-1.92 1.77 77.67
-1.93 1.81 77.63
-1.93 1.80 77.67
-1.92 1.80 77.65
-1.92 1.81 77.67
-1.93 1.77 77.67
-1.92 1.83 77.64
-1.91 1.87 77.68
-1.92 1.80 77.65
-1.92 1.85 77.67
-1.91 1.83 77.69
-1.92 1.84 77.65
-1.93 1.84 77.67
-1.93 1.83 77.65
-1.92 1.84 77.67
-1.92 1.85 77.67
-1.93 1.80 77.63
-1.93 1.88 77.65
-1.95 1.83 77.65
-1.95 1.80 77.64
-1.92 1.87 77.65
-1.93 1.81 77.64
-1.93 1.84 77.67
-1.95 1.87 77.67
-1.92 1.81 77.64
-1.95 1.83 77.67
-1.92 1.81 77.64
-1.93 1.83 77.67
-1.92 1.84 77.65
-1.91 1.81 77.64
-1.93 1.87 77.68
-1.93 1.80 77.64
-1.91 1.87 77.65
-1.93 1.83 77.65
-1.91 1.81 77.63
-1.93 1.84 77.65
-1.92 1.83 77.64
-1.92 1.83 77.64
-1.91 1.84 77.67
-1.92 1.81 77.63
-1.91 1.83 77.69
-1.91 1.79 77.67
-1.92 1.83 77.63
-1.92 1.79 77.68
-1.91 1.79 77.65
-1.91 1.81 77.68
-1.93 1.77 77.68
-1.91 1.79 77.64
-1.92 1.79 77.68
-1.93 1.77 77.63
-1.92 1.80 77.67
-1.93 1.81 77.65
-1.95 1.79 77.64
-1.92 1.79 77.68
-1.93 1.79 77.67
-1.91 1.83 77.67
-1.92 1.83 77.65
-1.91 1.79 77.67
-1.91 1.81 77.68
-1.92 1.79 77.63
-1.93 1.80 77.63
-1.93 1.81 77.67
-1.92 1.81 77.63
-1.93 1.83 77.68
-1.93 1.79 77.65
-1.91 1.84 77.63
-1.93 1.84 77.67
-1.92 1.83 77.63
-1.92 1.81 77.65
-1.92 1.81 77.65
-1.92 1.80 77.63
-1.92 1.83 77.67
-1.92 1.80 77.63
-1.93 1.81 77.64
-1.92 1.83 77.65
-1.92 1.83 77.63
-1.92 1.83 77.65
-1.93 1.80 77.63
-1.93 1.84 77.65
-1.95 1.79 77.69
-1.93 1.81 77.65
-1.93 1.84 77.68
-1.95 1.80 77.65
-1.93 1.84 77.64
-1.95 1.77 77.67
-1.93 1.81 77.65
-1.95 1.83 77.69
-1.93 1.79 77.64
-1.93 1.81 77.68
-1.95 1.80 77.71
-1.93 1.79 77.65
-1.92 1.80 77.68
-1.93 1.76 77.68
-1.89 1.81 77.65
-1.93 1.81 77.71
-1.89 1.75 77.63
-1.95 1.83 77.68
-1.91 1.77 77.68
-1.93 1.77 77.67
-1.93 1.80 77.71
-1.95 1.77 77.67
-1.95 1.81 77.69
-1.91 1.77 77.69
-1.91 1.80 77.65
-1.93 1.80 77.67
-1.93 1.77 77.65
-1.91 1.81 77.67
-1.92 1.77 77.68
-1.91 1.76 77.63
-1.92 1.79 77.68
-1.93 1.75 77.65
-1.93 1.80 77.65
-1.92 1.77 77.67
-1.92 1.75 77.64
-1.93 1.81 77.67
-1.93 1.77 77.68
-1.93 1.77 77.67
-1.92 1.80 77.67
-1.93 1.76 77.68
-1.92 1.77 77.68
-1.95 1.77 77.68
-1.93 1.79 77.67
-1.93 1.80 77.69
-1.92 1.79 77.64
-1.92 1.80 77.67
-1.91 1.77 77.68
-1.92 1.79 77.65
-1.92 1.81 77.71
-1.93 1.77 77.64
-1.93 1.84 77.68
-1.93 1.79 77.67
-1.93 1.80 77.64
-1.92 1.80 77.68
-1.95 1.79 77.67
-1.89 1.83 77.67
-1.92 1.80 77.68
-1.93 1.81 77.65
-1.91 1.83 77.68
-1.89 1.77 77.65
-1.93 1.81 77.64
-1.93 1.80 77.68
-1.92 1.76 77.63
-1.93 1.83 77.68
-1.93 1.79 77.65
-1.91 1.83 77.63
-1.93 1.81 77.68
-1.92 1.80 77.65
-1.92 1.83 77.68
-1.93 1.80 77.64
-1.93 1.83 77.63
-1.93 1.79 77.67
-1.91 1.79 77.65
-1.93 1.84 77.65
-1.93 1.79 77.67
-1.92 1.79 77.64
-1.93 1.84 77.67
-1.95 1.79 77.64
-1.92 1.84 77.68
-1.95 1.81 77.69
-1.95 1.80 77.64
-1.95 1.81 77.68
-1.95 1.80 77.65
-1.93 1.83 77.67
-1.93 1.84 77.68
-1.93 1.77 77.64
-1.93 1.83 77.68
-1.93 1.79 77.68
-1.91 1.80 77.64
-1.93 1.83 77.67
-1.91 1.77 77.64
-1.92 1.81 77.67
-1.91 1.79 77.68
-1.91 1.80 77.67
-1.92 1.83 77.69
-1.92 1.77 77.65
-1.92 1.85 77.68
-1.93 1.83 77.68
-1.92 1.81 77.67
-1.95 1.85 77.69
-1.93 1.79 77.64
-1.92 1.85 77.67
-1.92 1.80 77.67
-1.92 1.81 77.64
-1.92 1.84 77.68
-1.93 1.83 77.65
-1.95 1.84 77.65
-1.92 1.83 77.69
-1.93 1.79 77.64
-1.95 1.81 77.65
-1.96 1.77 77.67
-1.93 1.85 77.64
-1.96 1.83 77.69
-1.93 1.80 77.63
-1.93 1.80 77.68
-1.93 1.80 77.65
-1.93 1.84 77.64
-1.93 1.81 77.67
-1.93 1.80 77.65
-1.92 1.84 77.65
-1.92 1.83 77.67
-1.92 1.81 77.63
-1.92 1.85 77.67
-1.92 1.80 77.63
-1.92 1.85 77.64
-1.93 1.84 77.68
-1.92 1.79 77.65
-1.92 1.83 77.69
-1.92 1.76 77.64
-1.92 1.81 77.67
-1.95 1.79 77.65
-1.93 1.81 77.64
-1.92 1.84 77.67
-1.92 1.81 77.63
-1.91 1.79 77.65
-1.92 1.83 77.65
-1.93 1.80 77.63
-1.93 1.84 77.65
-1.93 1.80 77.64
-1.95 1.84 77.64
-1.93 1.84 77.67
-1.93 1.81 77.64
-1.95 1.85 77.67
-1.93 1.81 77.65
-1.93 1.81 77.64
-1.93 1.84 77.69
-1.91 1.79 77.65
-1.93 1.84 77.65
-1.95 1.80 77.68
-1.93 1.77 77.63
-1.93 1.80 77.68
-1.92 1.76 77.65
-1.92 1.84 77.65
-1.93 1.79 77.65
-1.92 1.79 77.64
-1.92 1.83 77.67
-1.92 1.79 77.63
-1.92 1.81 77.65
-1.92 1.80 77.67
-1.91 1.77 77.64
-1.91 1.80 77.67
-1.93 1.79 77.65
-1.91 1.80 77.65
-1.93 1.80 77.67
-1.91 1.81 77.63
-1.93 1.81 77.67
-1.93 1.79 77.67
-1.93 1.84 77.65
-1.93 1.81 77.65
-1.91 1.77 77.63
-1.93 1.81 77.68
-1.95 1.77 77.67
-1.92 1.84 77.65
-1.92 1.85 77.69
-1.93 1.80 77.67
-1.93 1.84 77.67
-1.92 1.76 77.68
-1.92 1.80 77.61
-1.95 1.81 77.69
-1.91 1.80 77.65
-1.92 1.84 77.68
-1.92 1.79 77.68
-1.92 1.81 77.64
-1.93 1.81 77.69
-1.93 1.79 77.68
-1.92 1.80 77.65
-1.93 1.83 77.67
-1.91 1.81 77.63
-1.95 1.80 77.67
-1.92 1.79 77.67
-1.92 1.85 77.65
-1.92 1.84 77.68
-1.92 1.83 77.63
-1.93 1.85 77.67
-1.93 1.77 77.68
-1.91 1.83 77.65
-1.92 1.80 77.69
-1.92 1.79 77.64
-1.93 1.80 77.67
-1.93 1.81 77.67
-1.89 1.81 77.64
-1.91 1.80 77.68
-1.93 1.77 77.64
-1.92 1.81 77.68
-1.93 1.81 77.68
-1.92 1.81 77.63
-1.93 1.81 77.68
-1.92 1.79 77.65
-1.93 1.83 77.67
-1.92 1.80 77.71
-1.93 1.83 77.64
-1.95 1.83 77.69
-1.95 1.79 77.65
-1.91 1.81 77.65
-1.93 1.81 77.68
-1.92 1.79 77.63
-1.93 1.87 77.67
-1.93 1.81 77.65
-1.95 1.83 77.64
-1.92 1.80 77.67
-1.93 1.80 77.61
-1.93 1.81 77.67
-1.93 1.80 77.67
-1.92 1.84 77.63
-1.93 1.81 77.68
-1.93 1.77 77.65
-1.93 1.84 77.65
-1.92 1.80 77.65
-1.92 1.81 77.63
-1.92 1.85 77.69
-1.92 1.77 77.64
-1.95 1.84 77.64
-1.93 1.81 77.65
-1.92 1.83 77.63
-1.93 1.83 77.65
-1.93 1.83 77.64
-1.95 1.85 77.65
-1.93 1.83 77.67
-1.93 1.80 77.64
-1.95 1.83 77.67
-1.95 1.81 77.65
-1.93 1.85 77.65
-1.93 1.81 77.68
-1.93 1.80 77.63
-1.93 1.84 77.67
-1.93 1.83 77.67
-1.93 1.81 77.67
-1.92 1.83 77.68
-1.95 1.76 77.64
-1.92 1.84 77.65
-1.93 1.81 77.67
-1.92 1.85 77.65
-1.92 1.81 77.69
-1.92 1.76 77.63
-1.92 1.81 77.67
-1.95 1.80 77.68
-1.92 1.81 77.64
-1.92 1.81 77.67
-1.92 1.80 77.65
-1.93 1.81 77.64
-1.93 1.83 77.69
-1.93 1.80 77.64
-1.92 1.83 77.67
-1.93 1.77 77.68
-1.91 1.81 77.65
-1.93 1.79 77.68
-1.93 1.79 77.63
-1.93 1.85 77.68
-1.93 1.80 77.67
-1.92 1.80 77.65
-1.92 1.83 77.68
-1.93 1.81 77.64
-1.92 1.84 77.67
-1.93 1.80 77.67
-1.91 1.85 77.64
-1.91 1.85 77.68
-1.93 1.83 77.65
-1.93 1.81 77.68
-1.93 1.79 77.67
-1.92 1.80 77.64
-1.93 1.79 77.67
-1.91 1.81 77.65
-1.93 1.83 77.65
-1.93 1.83 77.67
-1.93 1.81 77.64
-1.95 1.84 77.69
-1.93 1.79 77.65
-1.93 1.80 77.65
-1.92 1.81 77.71
-1.93 1.80 77.63
-1.92 1.83 77.69
-1.93 1.77 77.65
-1.93 1.83 77.65
-1.92 1.81 77.68
-1.91 1.77 77.64
-1.92 1.84 77.67
-1.93 1.77 77.67
-1.93 1.83 77.64
-1.93 1.81 77.67
-1.95 1.79 77.65
-1.93 1.80 77.65
-1.92 1.80 77.67
-1.92 1.83 77.65
-1.93 1.80 77.67
-1.93 1.79 77.63
-1.92 1.83 77.67
-1.96 1.80 77.67
-1.91 1.80 77.63
-1.95 1.81 77.68
-1.93 1.80 77.64
-1.92 1.84 77.65
-1.92 1.83 77.67
-1.93 1.81 77.61
-1.92 1.87 77.69
-1.92 1.80 77.65
-1.91 1.81 77.64
-1.95 1.84 77.67
-1.93 1.81 77.63
-1.92 1.83 77.67
-1.92 1.79 77.67
-1.91 1.80 77.67
-1.93 1.83 77.68
-1.92 1.81 77.64
-1.92 1.83 77.68
-1.93 1.80 77.68
-1.89 1.80 77.65
-1.93 1.84 77.68
-1.93 1.79 77.64
-1.92 1.81 77.67
-1.92 1.79 77.69
-1.92 1.79 77.64
-1.92 1.81 77.68
-1.93 1.80 77.65
-1.91 1.83 77.67
-1.93 1.79 77.68
-1.91 1.79 77.64
-1.92 1.81 77.68
-1.93 1.79 77.64
-1.92 1.85 77.67
-1.92 1.80 77.68
-1.93 1.80 77.64
-1.92 1.84 77.67
-1.91 1.79 77.64
-1.92 1.80 77.67
-1.92 1.83 77.69
-1.92 1.84 77.64
-1.91 1.85 77.67
-1.92 1.79 77.68
-1.89 1.80 77.65
-1.93 1.81 77.68
-1.92 1.79 77.64
-1.93 1.81 77.68
-1.93 1.79 77.67
-1.92 1.80 77.65
-1.93 1.81 77.67
-1.93 1.77 77.64
-1.92 1.83 77.68
-1.89 1.83 77.69
-1.91 1.83 77.63
-1.91 1.84 77.68
-1.92 1.81 77.64
-1.92 1.85 77.67
-1.93 1.81 77.68
-1.93 1.83 77.64
-1.91 1.84 77.67
-1.92 1.80 77.67
-1.91 1.83 77.65
-1.95 1.80 77.68
-1.92 1.80 77.64
-1.93 1.84 77.67
-1.92 1.79 77.67
-1.93 1.81 77.63
-1.93 1.83 77.68
-1.92 1.77 77.64
-1.93 1.84 77.68
-1.92 1.81 77.67
-1.91 1.80 77.63
-1.93 1.85 77.68
-1.93 1.79 77.67
-1.93 1.83 77.64
-1.93 1.80 77.68
-1.92 1.81 77.64
-1.93 1.80 77.68
-1.95 1.79 77.65
-1.91 1.80 77.67
-1.92 1.80 77.68
-1.92 1.81 77.63
-1.93 1.80 77.69
-1.93 1.81 77.65
-1.92 1.80 77.65
-1.92 1.83 77.68
-1.93 1.79 77.65
-1.93 1.81 77.67
-1.93 1.79 77.67
-1.91 1.80 77.65
-1.93 1.81 77.69
-1.91 1.79 77.64
-1.92 1.81 77.68
-1.93 1.77 77.67
-1.92 1.85 77.64
-1.93 1.80 77.68
-1.95 1.76 77.65
-1.92 1.83 77.67
-1.93 1.83 77.68
-1.92 1.80 77.67
-1.92 1.80 77.67
-1.92 1.79 77.64
-1.92 1.81 77.65
-1.93 1.80 77.67
-1.92 1.79 77.64
-1.95 1.83 77.68
-1.92 1.76 77.67
-1.92 1.81 77.65
-1.95 1.79 77.67
-1.92 1.80 77.64
-1.92 1.84 77.68
-1.93 1.80 77.67
-1.93 1.81 77.67
-1.93 1.84 77.68
-1.95 1.80 77.63
-1.93 1.81 77.68
-1.92 1.79 77.67
-1.92 1.77 77.64
-1.95 1.80 77.67
-1.93 1.80 77.64
-1.91 1.83 77.68
-1.95 1.80 77.67
-1.92 1.76 77.67
-1.93 1.80 77.68
-1.95 1.79 77.64
-1.92 1.80 77.67
-1.93 1.79 77.69
-1.91 1.79 77.63
-1.96 1.85 77.69
-1.92 1.80 77.67
-1.93 1.83 77.64
-1.95 1.81 77.67
-1.93 1.79 77.64
-1.93 1.83 77.68
-1.93 1.81 77.68
-1.92 1.81 77.65
-1.93 1.81 77.67
-1.93 1.81 77.63
-1.93 1.83 77.67
-1.95 1.80 77.67
-1.92 1.81 77.64
-1.93 1.83 77.67
-1.93 1.79 77.65
-1.93 1.83 77.67
-1.93 1.83 77.68
-1.92 1.81 77.65
-1.93 1.81 77.68
-1.93 1.81 77.64
-1.91 1.81 77.67
-1.92 1.81 77.67
-1.93 1.79 77.65
-1.93 1.84 77.68
-1.93 1.79 77.64
-1.92 1.81 77.67
-1.91 1.80 77.68
-1.93 1.79 77.65
-1.92 1.83 77.68
-1.93 1.77 77.67
-1.92 1.81 77.65
-1.93 1.81 77.72
-1.93 1.80 77.63
-1.92 1.84 77.68
-1.92 1.83 77.68
-1.92 1.81 77.65
-1.93 1.83 77.69
-1.95 1.81 77.68
-1.93 1.85 77.69
-1.93 1.80 77.65
-1.93 1.83 77.65
-1.92 1.84 77.67
-1.92 1.80 77.65
-1.92 1.84 77.64
-1.93 1.83 77.65
-1.92 1.81 77.64
-1.92 1.83 77.68
-1.93 1.77 77.64
-1.92 1.83 77.65
-1.92 1.80 77.65
-1.92 1.83 77.63
-1.92 1.83 77.67
-1.93 1.80 77.65
-1.91 1.81 77.64
-1.92 1.80 77.67
-1.91 1.79 77.63
-1.92 1.80 77.68
-1.93 1.77 77.65
-1.92 1.83 77.63
-1.93 1.84 77.68
-1.93 1.79 77.63
-1.93 1.81 77.68
-1.93 1.80 77.65
-1.93 1.80 77.65
-1.95 1.83 77.71
-1.92 1.80 77.65
-1.93 1.83 77.67
-1.93 1.81 77.65
-1.92 1.83 77.64
-1.95 1.83 77.69
-1.92 1.81 77.63
-1.93 1.81 77.67
-1.93 1.80 77.64
-1.93 1.81 77.65
-1.95 1.83 77.69
-1.92 1.79 77.69
-1.92 1.84 77.65
-1.92 1.80 77.68
-1.93 1.79 77.64
-1.92 1.80 77.65
-1.93 1.77 77.65
-1.91 1.79 77.64
-1.93 1.81 77.68
-1.92 1.79 77.63
-1.95 1.83 77.67
-1.93 1.77 77.64
-1.92 1.84 77.64
-1.95 1.84 77.68
-1.92 1.80 77.64
-1.92 1.83 77.67
-1.93 1.80 77.67
-1.93 1.83 77.64
-1.93 1.83 77.69
-1.93 1.81 77.63
-1.93 1.84 77.67
-1.95 1.80 77.67
-1.92 1.81 77.64
-1.93 1.83 77.69
-1.93 1.79 77.64
-1.92 1.81 77.67
-1.93 1.81 77.68
-1.92 1.77 77.64
-1.93 1.83 77.68
-1.93 1.79 77.67
-1.93 1.80 77.67
-1.92 1.80 77.67
-1.92 1.81 77.65
-1.93 1.85 77.67
-1.93 1.81 77.64
-1.92 1.81 77.64
-1.92 1.80 77.67
-1.93 1.77 77.63
-1.93 1.84 77.65
-1.93 1.79 77.65
-1.92 1.84 77.63
-1.92 1.83 77.68
-1.91 1.76 77.64
-1.93 1.83 77.67
-1.95 1.81 77.64
-1.92 1.81 77.63
-1.92 1.81 77.68
-1.92 1.79 77.67
-1.93 1.81 77.65
-1.95 1.80 77.69
-1.93 1.80 77.67
-1.93 1.85 77.72
-1.93 1.79 77.65
-1.92 1.81 77.68
-1.91 1.83 77.71
-1.95 1.80 77.64
-1.93 1.84 77.67
-1.92 1.80 77.65
-1.93 1.85 77.64
-1.93 1.79 77.68
-1.92 1.79 77.65
-1.91 1.84 77.67
-1.92 1.81 77.67
-1.92 1.83 77.64
-1.93 1.83 77.69
-1.93 1.80 77.64
-1.95 1.84 77.67
-1.95 1.80 77.64
-1.92 1.79 77.64
-1.93 1.84 77.68
-1.91 1.77 77.64
-1.93 1.85 77.65
-1.93 1.80 77.67
-1.92 1.81 77.64
-1.95 1.87 77.68
-1.93 1.80 77.67
-1.93 1.85 77.65
-1.93 1.84 77.67
-1.92 1.80 77.64
-1.92 1.81 77.71
-1.93 1.77 77.67
-1.93 1.80 77.67
-1.93 1.80 77.69
-1.92 1.81 77.64
-1.95 1.83 77.67
-1.93 1.80 77.65
-1.92 1.83 77.64
-1.93 1.81 77.69
-1.93 1.81 77.65
-1.92 1.81 77.65
-1.92 1.79 77.68
-1.93 1.80 77.64
-1.93 1.81 77.69
-1.95 1.80 77.64
-1.92 1.84 77.64
-1.92 1.80 77.68
-1.92 1.81 77.64
-1.93 1.81 77.65
-1.92 1.79 77.64
-1.92 1.84 77.65
-1.95 1.81 77.67
-1.92 1.81 77.64
-1.95 1.83 77.65
-1.95 1.80 77.65
-1.93 1.83 77.68
-1.93 1.80 77.68
-1.95 1.81 77.65
-1.92 1.81 77.68
-1.93 1.80 77.68
-1.93 1.80 77.65
-1.93 1.84 77.69
-1.93 1.81 77.67
-1.93 1.81 77.68
-1.92 1.79 77.68
-1.92 1.87 77.65
-1.95 1.83 77.69
-1.93 1.79 77.64
-1.92 1.83 77.67
-1.93 1.81 77.67
-1.92 1.83 77.65
-1.93 1.83 77.68
-1.93 1.81 77.64
-1.92 1.83 77.67
-1.93 1.83 77.67
-1.93 1.81 77.64
-1.93 1.83 77.68
-1.92 1.79 77.63
-1.92 1.84 77.65
-1.92 1.83 77.67
-1.93 1.81 77.64
-1.93 1.84 77.67
-1.93 1.83 77.65
-1.91 1.83 77.64
-1.95 1.83 77.68
-1.93 1.80 77.64
-1.92 1.83 77.67
-1.92 1.80 77.67
-1.92 1.83 77.65
-1.92 1.85 77.68
-1.93 1.79 77.64
-1.92 1.84 77.67
-1.95 1.80 77.67
-1.93 1.81 77.63
-1.93 1.80 77.69
-1.92 1.81 77.65
-1.93 1.83 77.65
-1.92 1.81 77.67
-1.91 1.83 77.65
-1.93 1.83 77.69
-1.93 1.80 77.65
-1.92 1.83 77.65
-1.92 1.84 77.65
-1.93 1.80 77.64
-1.93 1.81 77.69
-1.92 1.77 77.67
-1.91 1.83 77.64
-1.95 1.77 77.67
-1.93 1.80 77.65
-1.95 1.81 77.67
-1.92 1.80 77.67
-1.92 1.84 77.63
-1.92 1.81 77.68
-1.95 1.80 77.64
-1.95 1.84 77.68
-1.95 1.76 77.68
-1.91 1.81 77.65
-1.91 1.81 77.69
-1.92 1.81 77.64
-1.91 1.83 77.68
-1.93 1.81 77.68
-1.93 1.79 77.64
-1.93 1.79 77.68
-1.93 1.81 77.65
-1.92 1.83 77.65
-1.92 1.83 77.68
-1.92 1.80 77.65
-1.93 1.81 77.71
-1.92 1.76 77.65
-1.93 1.83 77.67
-1.93 1.80 77.69
-1.93 1.81 77.64
-1.93 1.81 77.69
-1.92 1.80 77.67
-1.92 1.81 77.67
-1.92 1.81 77.69
-1.91 1.79 77.64
-1.92 1.83 77.67
-1.93 1.79 77.65
-1.92 1.83 77.64
-1.95 1.84 77.68
-1.93 1.80 77.64
-1.92 1.83 77.67
-1.93 1.81 77.65
-1.95 1.84 77.64
-1.93 1.81 77.68
-1.93 1.80 77.65
-1.92 1.83 77.67
-1.93 1.80 77.68
-1.92 1.80 77.65
-1.93 1.80 77.67
-1.93 1.77 77.64
-1.92 1.81 77.64
-1.93 1.81 77.67
-1.93 1.83 77.61
-1.92 1.81 77.69
-1.93 1.81 77.68
-1.91 1.84 77.65
-1.93 1.83 77.67
-1.93 1.76 77.65
-1.93 1.79 77.68
-1.93 1.79 77.65
-1.92 1.81 77.65
-1.93 1.81 77.67
-1.93 1.80 77.63
-1.92 1.84 77.69
-1.93 1.80 77.67
-1.93 1.80 77.65
-1.93 1.81 77.65
-1.93 1.80 77.64
-1.93 1.84 77.65
-1.92 1.79 77.65
-1.92 1.81 77.65
-1.95 1.83 77.69
-1.92 1.79 77.64
-1.93 1.84 77.67
-1.92 1.81 77.68
-1.91 1.83 77.64
-1.95 1.81 77.68
-1.91 1.79 77.65
-1.93 1.85 77.65
-1.91 1.77 77.68
-1.92 1.79 77.63
-1.93 1.84 77.67
-1.91 1.77 77.67
-1.93 1.84 77.67
-1.92 1.84 77.69
-1.93 1.80 77.64
-1.93 1.84 77.68
-1.92 1.79 77.67
-1.93 1.81 77.67
-1.93 1.77 77.68
-1.92 1.77 77.65
-1.93 1.81 77.69
-1.95 1.81 77.67
-1.93 1.81 77.64
-1.93 1.81 77.67
-1.92 1.76 77.64
-1.93 1.80 77.67
-1.93 1.81 77.65
-1.93 1.80 77.64
-1.93 1.84 77.68
-1.93 1.80 77.65
-1.93 1.84 77.64
-1.91 1.81 77.67
-1.93 1.80 77.65
-1.93 1.79 77.71
-1.92 1.77 77.65
-1.92 1.84 77.65
-1.92 1.81 77.67
-1.92 1.77 77.61
-1.92 1.85 77.67
-1.95 1.79 77.65
-1.92 1.84 77.67
-1.92 1.81 77.67
-1.92 1.79 77.63
-1.93 1.81 77.67
-1.93 1.80 77.67
-1.92 1.84 77.63
-1.93 1.84 77.67
-1.93 1.76 77.63
-1.92 1.83 77.68
-1.93 1.80 77.67
-1.93 1.83 77.64
-1.93 1.84 77.68
-1.92 1.81 77.65
-1.92 1.84 77.67
-1.95 1.81 77.67
-1.92 1.80 77.63
-1.93 1.84 77.67
-1.92 1.79 77.64
-1.92 1.85 77.65
-1.93 1.83 77.68
-1.93 1.79 77.64
-1.93 1.81 77.65
-1.95 1.79 77.65
-1.92 1.80 77.65
-1.93 1.84 77.68
-1.93 1.80 77.63
-1.95 1.83 77.67
-1.93 1.80 77.65
-1.93 1.84 77.65
-1.95 1.81 77.67
-1.92 1.81 77.63
-1.91 1.81 77.65
-1.92 1.76 77.67
-1.92 1.85 77.65
-1.92 1.84 77.68
-1.92 1.79 77.64
-1.92 1.83 77.67
-1.92 1.80 77.65
-1.92 1.80 77.64
-1.93 1.83 77.69
-1.95 1.79 77.64
-1.93 1.81 77.64
-1.92 1.80 77.68
-1.92 1.79 77.64
-1.93 1.84 77.67
-1.91 1.79 77.64
-1.93 1.83 77.65
-1.93 1.83 77.65
-1.93 1.83 77.64
-1.92 1.85 77.68
-1.95 1.80 77.67
-1.93 1.84 77.65
-1.93 1.84 77.68
-1.95 1.83 77.63
-1.93 1.83 77.65
-1.92 1.83 77.68
-1.93 1.84 77.64
-1.93 1.84 77.68
-1.92 1.81 77.61
-1.92 1.85 77.68
-1.91 1.83 77.65
-1.93 1.84 77.64
-1.95 1.83 77.68
-1.92 1.77 77.63
-1.92 1.81 77.67
-1.93 1.80 77.67
-1.92 1.80 77.64
-1.92 1.81 77.65
-1.92 1.80 77.64
-1.92 1.83 77.65
-1.93 1.80 77.68
-1.93 1.84 77.63
-1.92 1.83 77.67
-1.91 1.80 77.64
-1.92 1.83 77.65
-1.93 1.81 77.67
-1.93 1.83 77.64
-1.92 1.84 77.68
-1.93 1.79 77.65
-1.92 1.81 77.63
-1.93 1.83 77.68
-1.95 1.79 77.65
-1.92 1.84 77.67
-1.93 1.81 77.67
-1.91 1.79 77.65
-1.93 1.83 77.69
-1.92 1.79 77.63
-1.93 1.84 77.65
-1.93 1.80 77.65
-1.95 1.85 77.63
-1.92 1.85 77.68
-1.93 1.79 77.68
-1.92 1.81 77.65
-1.95 1.81 77.65
-1.93 1.80 77.64
-1.93 1.81 77.69
-1.92 1.83 77.64
-1.92 1.83 77.65
-1.95 1.81 77.67
-1.91 1.77 77.63
-1.92 1.83 77.67
-1.92 1.80 77.67
-1.93 1.81 77.65
-1.95 1.80 77.67
-1.92 1.77 77.64
-1.93 1.83 77.65
-1.92 1.79 77.67
-1.93 1.83 77.63
-1.91 1.81 77.68
-1.93 1.79 77.65
-1.91 1.80 77.65
-1.92 1.79 77.65
-1.92 1.80 77.64
-1.95 1.80 77.68
-1.93 1.80 77.64
-1.91 1.84 77.64
-1.95 1.81 77.67
-1.95 1.80 77.63
-1.95 1.84 77.68
-1.92 1.77 77.65
-1.93 1.84 77.67
-1.92 1.81 77.68
-1.92 1.79 77.64
-1.95 1.83 77.68
-1.93 1.79 77.67
-1.92 1.79 77.64
-1.93 1.81 77.68
-1.92 1.83 77.64
-1.92 1.83 77.68
-1.93 1.79 77.68
-1.92 1.81 77.67
-1.93 1.83 77.69
-1.92 1.81 77.64
-1.93 1.85 77.67
-1.93 1.81 77.69
-1.91 1.79 77.64
-1.93 1.83 77.69
-1.93 1.81 77.63
-1.92 1.81 77.65
-1.93 1.79 77.67
-1.92 1.79 77.64
-1.91 1.81 77.68
-1.93 1.79 77.67
-1.91 1.81 77.65
-1.95 1.81 77.69
-1.92 1.81 77.64
-1.95 1.83 77.69
-1.92 1.77 77.64
-1.91 1.84 77.67
-1.93 1.84 77.67
-1.92 1.79 77.64
-1.92 1.83 77.68
-1.93 1.79 77.67
-1.93 1.83 77.67
-1.92 1.84 77.68
-1.92 1.83 77.64
-1.93 1.83 77.68
-1.93 1.81 77.67
-1.93 1.81 77.65
-1.92 1.81 77.71
-1.95 1.79 77.64
-1.91 1.81 77.67
-1.92 1.79 77.68
-1.92 1.81 77.64
-1.93 1.81 77.67
-1.92 1.77 77.65
-1.91 1.85 77.65
-1.92 1.83 77.68
-1.92 1.80 77.64
-1.93 1.85 77.69
-1.93 1.80 77.65
-1.93 1.85 77.65
-1.93 1.85 77.68
-1.92 1.83 77.64
-1.92 1.85 77.68
-1.91 1.81 77.67
-1.92 1.83 77.65
-1.92 1.84 77.68
-1.91 1.79 77.64
-1.92 1.83 77.68
-1.93 1.81 77.67
-1.92 1.81 77.64
-1.92 1.84 77.67
-1.93 1.76 77.67
-1.92 1.87 77.67
-1.93 1.79 77.67
-1.93 1.83 77.63
-1.93 1.84 77.69
-1.95 1.79 77.64
-1.92 1.84 77.65
-1.92 1.79 77.68
-1.96 1.81 77.64
-1.91 1.83 77.68
-1.92 1.79 77.67
-1.92 1.83 77.65
-1.92 1.81 77.68
-1.93 1.79 77.64
-1.91 1.81 77.68
-1.93 1.79 77.65
-1.92 1.85 77.67
-1.92 1.83 77.68
-1.92 1.80 77.63
-1.92 1.84 77.67
-1.95 1.77 77.65
-1.92 1.80 77.65
-1.93 1.81 77.68
-1.91 1.80 77.64
-1.93 1.83 77.68
-1.93 1.79 77.67
-1.92 1.81 77.65
-1.93 1.83 77.68
-1.93 1.80 77.64
-1.92 1.79 77.68
-1.93 1.79 77.68
-1.93 1.83 77.65
-1.93 1.83 77.68
-1.92 1.81 77.64
-1.93 1.84 77.68
-1.95 1.80 77.69
-1.93 1.80 77.64
-1.93 1.84 77.67
-1.92 1.79 77.65
-1.93 1.80 77.65
-1.92 1.80 77.68
-1.95 1.83 77.63
-1.93 1.83 77.68
-1.93 1.80 77.69
-1.93 1.81 77.65
-1.93 1.80 77.69
-1.91 1.81 77.67
-1.92 1.80 77.68
-1.93 1.77 77.68
-1.92 1.80 77.64
-1.93 1.79 77.72
-1.92 1.77 77.67
-1.93 1.85 77.68
-1.93 1.80 77.67
-1.93 1.84 77.65
-1.93 1.80 77.68
-1.92 1.81 77.65
-1.92 1.83 77.65
-1.92 1.83 77.67
-1.92 1.81 77.65
-1.92 1.84 77.71
-1.92 1.80 77.64
-1.92 1.83 77.67
-1.93 1.80 77.69
-1.92 1.81 77.64
-1.93 1.85 77.67
-1.93 1.80 77.68
-1.93 1.85 77.63
-1.93 1.85 77.68
-1.92 1.81 77.65
-1.92 1.83 77.68
-1.93 1.81 77.67
-1.92 1.80 77.64
-1.92 1.81 77.69
-1.92 1.79 77.64
-1.89 1.84 77.67
-1.93 1.80 77.65
-1.91 1.79 77.63
-1.93 1.83 77.69
-1.92 1.80 77.67
-1.91 1.80 77.68
-1.93 1.80 77.69
-1.93 1.81 77.65
-1.93 1.81 77.68
-1.93 1.79 77.67
-1.92 1.83 77.67
-1.93 1.80 77.72
-1.92 1.79 77.67
-1.93 1.83 77.69
-1.91 1.77 77.65
-1.91 1.83 77.69
-1.95 1.80 77.69
-1.92 1.81 77.65
-1.92 1.80 77.68
-1.93 1.77 77.67
-1.91 1.77 77.67
-1.93 1.81 77.69
-1.92 1.80 77.63
-1.93 1.83 77.65
-1.92 1.79 77.68
-1.93 1.80 77.63
-1.93 1.81 77.68
-1.91 1.77 77.64
-1.92 1.83 77.68
-1.92 1.80 77.67
-1.91 1.83 77.65
-1.93 1.80 77.68
-1.92 1.77 77.64
-1.92 1.83 77.68
-1.93 1.79 77.67
-1.92 1.77 77.64
-1.93 1.79 77.71
-1.92 1.77 77.64
-1.93 1.84 77.67
-1.91 1.80 77.68
-1.93 1.79 77.64
-1.92 1.84 77.68
-1.92 1.79 77.65
-1.92 1.81 77.65
-1.93 1.83 77.69
-1.92 1.80 77.64
-1.92 1.85 77.65
-1.92 1.81 77.67
-1.92 1.84 77.65
-1.93 1.83 77.67
-1.91 1.79 77.64
-1.92 1.81 77.68
-1.95 1.81 77.68
-1.95 1.84 77.64
-1.92 1.85 77.67
-1.92 1.79 77.64
-1.93 1.84 77.67
-1.93 1.81 77.67
-1.93 1.80 77.64
-1.93 1.84 77.68
-1.92 1.77 77.63
-1.92 1.85 77.64
-1.93 1.81 77.68
-1.93 1.81 77.64
-1.93 1.81 77.68
-1.92 1.80 77.64
-1.92 1.81 77.65
-1.92 1.80 77.67
-1.93 1.77 77.64
-1.91 1.85 77.64
-1.91 1.81 77.64
-1.92 1.83 77.63
-1.93 1.79 77.67
-1.92 1.80 77.63
-1.93 1.80 77.68
-1.92 1.77 77.67
-1.95 1.80 77.64
-1.92 1.81 77.68
-1.95 1.79 77.63
-1.93 1.80 77.67
-1.93 1.77 77.67
-1.93 1.79 77.64
-1.91 1.80 77.69
-1.95 1.77 77.64
-1.92 1.81 77.67
-1.93 1.80 77.65
-1.95 1.81 77.64
-1.95 1.81 77.69
-1.93 1.79 77.64
-1.93 1.81 77.65
-1.93 1.80 77.68
-1.92 1.80 77.63
-1.93 1.84 77.67
-1.92 1.80 77.65
-1.92 1.83 77.64
-1.93 1.81 77.68
-1.92 1.80 77.63
-1.93 1.84 77.67
-1.93 1.79 77.68
-1.92 1.83 77.65
-1.93 1.80 77.69
-1.92 1.79 77.63
-1.95 1.84 77.67
-1.93 1.81 77.67
-1.92 1.81 77.64
-1.93 1.83 77.67
-1.92 1.77 77.67
-1.93 1.85 77.67
-1.92 1.80 77.65
-1.92 1.80 77.61
-1.93 1.87 77.67
-1.95 1.85 77.65
-1.91 1.87 77.64
-1.93 1.79 77.67
-1.93 1.77 77.64
-1.92 1.84 77.68
-1.95 1.76 77.64
-1.92 1.83 77.67
-1.95 1.80 77.69
-1.93 1.76 77.65
-1.95 1.80 77.67
-1.96 1.76 77.64
-1.92 1.81 77.64
-1.92 1.83 77.68
-1.92 1.77 77.65
-1.93 1.84 77.68
-1.91 1.77 77.64
-1.92 1.81 77.63
-1.93 1.81 77.65
-1.92 1.79 77.65
-1.93 1.80 77.65
-1.95 1.79 77.67
-1.93 1.79 77.65
-1.93 1.81 77.67
-1.95 1.76 77.64
-1.93 1.80 77.65
-1.93 1.80 77.68
-1.96 1.77 77.64
-1.93 1.80 77.68
-1.93 1.77 77.65
-1.93 1.81 77.67
-1.93 1.83 77.67
-1.92 1.79 77.65
-1.92 1.83 77.69
-1.95 1.77 77.65
-1.93 1.80 77.64
-1.92 1.81 77.69
-1.95 1.77 77.64
-1.93 1.83 77.67
-1.95 1.79 77.67
-1.92 1.81 77.64
-1.95 1.81 77.69
-1.91 1.77 77.65
-1.92 1.81 77.67
-1.92 1.79 77.68
-1.92 1.81 77.65
-1.93 1.83 77.68
-1.93 1.80 77.65
-1.93 1.84 77.67
-1.93 1.84 77.68
-1.95 1.79 77.64
-1.93 1.81 77.67
-1.95 1.81 77.63
-1.91 1.81 77.67
-1.95 1.79 77.67
-1.93 1.81 77.61
-1.93 1.83 77.67
-1.92 1.79 77.65
-1.92 1.83 77.65
-1.93 1.80 77.67
-1.95 1.81 77.64
-1.93 1.83 77.67
-1.92 1.76 77.68
-1.93 1.79 77.65
-1.93 1.83 77.68
-1.93 1.77 77.63
-1.92 1.81 77.67
-1.95 1.79 77.67
-1.92 1.84 77.64
-1.95 1.83 77.68
-1.93 1.81 77.64
-1.95 1.83 77.65
-1.95 1.80 77.67
-1.92 1.79 77.65
-1.95 1.84 77.68
-1.93 1.80 77.64
-1.95 1.84 77.65
-1.93 1.79 77.68
-1.92 1.80 77.64
-1.93 1.80 77.68
-1.92 1.79 77.64
-1.91 1.81 77.64
-1.95 1.79 77.68
-1.92 1.79 77.63
-1.93 1.81 77.67
-1.93 1.79 77.65
-1.91 1.85 77.64
-1.93 1.81 77.67
-1.92 1.80 77.61
-1.93 1.83 77.65
-1.92 1.80 77.65
-1.92 1.81 77.64
-1.93 1.81 77.68
-1.93 1.79 77.64
-1.92 1.81 77.67
-1.95 1.83 77.65
-1.92 1.80 77.61
-1.91 1.83 77.68
-1.89 1.81 77.63
-1.92 1.87 77.65
-1.92 1.77 77.67
-1.93 1.84 77.63
-1.93 1.83 77.67
-1.92 1.77 77.64
-1.92 1.79 77.65
-1.95 1.81 77.67
-1.92 1.83 77.63
-1.93 1.83 77.68
-1.93 1.79 77.65
-1.93 1.83 77.63
-1.93 1.83 77.65
-1.93 1.81 77.63
-1.95 1.83 77.65
-1.95 1.81 77.65
-1.93 1.81 77.64
-1.92 1.81 77.67
-1.92 1.79 77.63
-1.93 1.83 77.65
-1.92 1.80 77.67
-1.92 1.83 77.61
-1.92 1.80 77.68
-1.93 1.80 77.63
-1.93 1.85 77.65
-1.92 1.79 77.65
-1.92 1.79 77.63
-1.93 1.83 77.67
-1.92 1.79 77.64
-1.91 1.84 77.64
-1.95 1.80 77.64
-1.92 1.81 77.64
-1.95 1.84 77.68
-1.92 1.77 77.64
-1.92 1.79 77.64
-1.92 1.81 77.67
-1.93 1.80 77.64
-1.93 1.84 77.65
-1.93 1.84 77.65
-1.93 1.81 77.64
-1.95 1.84 77.67
-1.93 1.81 77.63
-1.92 1.81 77.65
-1.95 1.83 77.65
-1.92 1.80 77.63
-1.95 1.81 77.68
-1.93 1.79 77.63
-1.93 1.83 77.65
-1.93 1.79 77.67
-1.93 1.80 77.63
-1.95 1.83 77.65
-1.92 1.80 77.64
-1.92 1.81 77.64
-1.93 1.83 77.67
-1.93 1.81 77.63
-1.95 1.81 77.67
-1.95 1.79 77.63
-1.92 1.84 77.65
-1.92 1.80 77.65
-1.92 1.79 77.61
-1.92 1.85 77.67
-1.93 1.79 77.64
-1.92 1.79 77.64
-1.96 1.80 77.67
-1.92 1.77 77.61
-1.93 1.84 77.65
-1.92 1.77 77.67
-1.92 1.79 77.64
-1.93 1.80 77.69
-1.92 1.79 77.61
-1.93 1.81 77.67
-1.93 1.76 77.64
-1.92 1.81 77.61
-1.92 1.83 77.65
-1.92 1.79 77.65
-1.93 1.81 77.65
-1.95 1.77 77.67
-1.93 1.80 77.64
-1.93 1.85 77.67
-1.93 1.80 77.65
-1.93 1.84 77.67
-1.95 1.83 77.68
-1.92 1.80 77.61
-1.92 1.84 77.68
-1.92 1.79 77.64
-1.92 1.85 77.64
-1.92 1.83 77.65
-1.92 1.80 77.63
-1.93 1.84 77.65
-1.92 1.80 77.67
