-38.59, -9.75, 32.31
-40.09, -9.36, 31.23
-41.13, -9.43, 30.59
-41.59, -10.04, 30.75
-42.33, -10.59, 30.48
-42.83, -11.31, 30.20
-43.49, -11.00, 29.81
-43.32, -10.60, 30.11
-43.44, -10.76, 30.11
-43.17, -11.04, 30.28
-42.27, -11.51, 31.12
-42.36, -13.49, 30.95
-41.28, -19.85, 30.01
-40.97, -25.12, 27.47
-41.49, -28.99, 24.12
-42.47, -32.43, 19.52
-43.31, -34.65, 15.49
-43.35, -36.96, 11.69
-42.27, -39.44, 8.15
-40.72, -42.37, 1.31
-40.59, -43.05, -2.75
-40.24, -43.44, -6.17
-40.39, -42.97, -11.11
-40.40, -42.45, -13.73
-40.24, -42.07, -15.68
-39.73, -41.99, -17.44
-39.44, -41.76, -18.99
-39.09, -41.48, -20.45
-39.08, -40.87, -22.01
-39.52, -39.85, -23.72
-40.31, -38.28, -25.84
-41.04, -36.63, -27.68
-41.12, -34.68, -30.35
-41.11, -32.33, -33.52
-40.57, -31.33, -35.35
-41.33, -28.41, -36.95
-42.40, -26.03, -38.05
-42.25, -24.04, -39.53
-41.24, -21.79, -41.43
-40.89, -18.79, -42.88
-40.73, -16.20, -43.63
-40.80, -13.08, -43.97
-41.07, -11.13, -43.99
-40.88, -8.83, -44.16
-40.29, -7.16, -44.55
-39.73, -4.69, -44.73
-39.55, -2.45, -44.56
-40.61, 0.04, -43.35
-40.64, 1.77, -42.81
-39.88, 4.47, -42.24
-39.96, 6.63, -41.11
-39.15, 8.24, -40.81
-38.63, 9.96, -39.97
-38.75, 11.61, -38.48
-39.17, 12.71, -37.23
-39.53, 14.08, -35.64
-39.48, 15.19, -34.48
-39.20, 16.39, -33.45
-38.72, 17.60, -32.40
-38.53, 18.52, -31.29
-38.40, 19.55, -29.96
-38.36, 20.77, -28.01
-38.31, 21.96, -26.15
-38.60, 23.51, -22.73
-38.95, 24.59, -19.72
-39.69, 25.11, -16.84
-40.04, 25.53, -14.87
-34.09, 30.09, -2.15
-36.40, 28.64, -10.40
-41.13, 26.25, -4.20
-43.11, 25.40, -3.92
-44.73, 23.33, 3.96
-46.17, 22.16, 4.55
-46.21, 19.76, 12.07
-46.97, 17.91, 14.83
-47.01, 16.97, 15.89
-47.97, 14.75, 17.49
-47.71, 13.93, 18.91
-48.31, 12.17, 19.92
-47.76, 9.88, 22.84
-47.69, 7.88, 24.40
-47.83, 6.20, 25.53
-47.37, 5.11, 26.73
-46.35, 1.45, 29.67
-46.43, 0.52, 29.95
-45.73, -2.52, 31.40
-45.03, -4.04, 32.12
-44.20, -6.43, 33.01
-43.36, -11.07, 33.47
-43.09, -13.59, 33.33
-42.77, -16.47, 32.88
-42.03, -19.03, 32.60
-41.13, -22.59, 31.64
-40.11, -25.72, 30.60
-39.44, -28.17, 29.37
-39.07, -30.16, 28.08
-38.72, -32.28, 26.44
-37.99, -35.36, 23.75
-37.77, -36.61, 22.41
-37.39, -38.07, 20.69
-36.97, -39.37, 18.99
-36.13, -41.12, 16.68
-35.52, -42.21, 15.04
-35.05, -43.47, 12.65
-35.16, -43.97, 11.04
-34.60, -45.17, 7.99
-34.03, -45.93, 5.47
-33.45, -46.68, 3.05
-32.83, -47.25, 0.49
-32.56, -47.57, -1.63
-32.40, -47.76, -5.01
-32.27, -47.71, -7.63
-32.23, -47.59, -9.47
-32.35, -47.35, -11.37
-32.44, -46.67, -14.63
-32.33, -46.20, -16.91
-32.51, -45.56, -19.15
-32.52, -44.93, -21.11
-32.36, -44.29, -22.69
-32.52, -43.73, -23.77
-32.24, -43.39, -25.00
-31.63, -42.61, -26.97
-31.79, -41.07, -29.61
-32.67, -38.20, -33.45
-33.49, -35.84, -35.88
-34.05, -33.52, -37.88
-34.00, -32.40, -38.99
-33.95, -31.45, -39.85
-34.28, -29.49, -41.13
-35.29, -28.41, -41.37
-35.92, -27.56, -41.45
-36.80, -25.75, -42.12
-37.72, -24.81, -42.12
-37.56, -25.08, -42.04
-37.76, -19.72, -44.27
-37.91, -18.69, -44.52
-38.00, -17.28, -44.89
-37.69, -14.11, -45.77
-37.56, -12.43, -45.93
-37.29, -10.45, -46.25
-37.01, -7.04, -46.24
-37.28, -4.85, -45.77
-37.37, -3.13, -45.44
-36.91, -0.67, -45.08
-36.89, 0.84, -44.60
-36.56, 2.93, -44.05
-36.68, 5.08, -43.17
-36.76, 7.36, -42.17
-36.87, 9.55, -40.89
-37.28, 11.40, -39.31
-38.20, 13.21, -37.25
-38.85, 14.84, -35.13
-39.83, 18.24, -30.33
-40.83, 19.29, -27.81
-41.45, 20.52, -25.13
-42.01, 21.75, -22.29
-42.15, 22.79, -19.47
-42.89, 23.19, -17.99
-44.16, 23.77, -14.75
-46.37, 23.23, -11.33
-46.99, 23.12, -8.03
-46.55, 23.75, -3.89
-46.08, 23.89, 0.83
-45.97, 23.28, 4.53
-45.95, 23.03, 6.19
-45.24, 23.43, 6.45
-45.39, 23.19, 5.57
-45.88, 22.64, 5.59
-45.69, 22.83, 4.75
-45.76, 23.16, 1.07
-45.24, 23.59, -1.11
-45.16, 23.48, -3.84
-44.88, 23.52, -6.39
-43.80, 24.19, -7.85
-43.84, 23.72, -12.28
-44.47, 21.65, -18.71
-43.97, 20.45, -22.81
-43.85, 16.33, -30.01
-43.96, 15.48, -30.79
-43.45, 15.08, -31.69
-43.51, 14.01, -32.75
-43.35, 13.31, -33.56
-43.49, 10.71, -35.68
-43.72, 8.08, -37.08
-43.89, 5.84, -38.25
-44.35, 1.12, -40.11
-44.40, -0.32, -40.55
-45.13, -2.93, -40.76
-45.84, -5.27, -40.53
-45.89, -7.20, -40.67
-48.03, -11.99, -38.41
-48.87, -12.93, -37.60
-48.37, -14.09, -38.00
-47.64, -15.59, -38.51
-46.44, -17.19, -39.19
-45.77, -19.00, -39.11
-45.13, -22.24, -38.31
-44.39, -25.12, -37.21
-43.09, -29.00, -35.52
-43.01, -31.09, -33.73
-42.91, -32.69, -32.15
-43.36, -33.48, -30.60
-43.49, -34.21, -29.40
-43.63, -35.37, -27.55
-43.87, -37.08, -24.51
-44.23, -38.41, -21.11
-44.83, -39.35, -17.33
-45.15, -40.25, -13.49
-45.69, -39.73, -13.80
-45.09, -40.93, -10.23
-45.63, -40.80, -7.48
-45.75, -40.73, -6.39
-45.13, -41.13, -4.39
-44.23, -41.64, -1.16
-42.88, -42.28, 1.29
-42.33, -42.05, 3.89
-42.52, -41.68, 5.63
-40.87, -41.72, 8.55
-39.27, -41.93, 10.24
-40.92, -40.21, 11.63
-41.85, -38.87, 13.16
-41.43, -37.25, 17.19
-41.61, -34.76, 20.67
-42.00, -32.24, 23.31
-42.53, -30.11, 24.80
-43.08, -26.83, 27.01
-43.04, -24.32, 28.61
-43.07, -21.45, 30.03
-43.35, -18.91, 30.83
-43.49, -15.25, 31.77
-44.11, -13.61, 31.63
-44.11, -11.21, 31.97
-44.07, -8.56, 32.09
-44.57, -7.20, 31.72
-44.71, -6.52, 31.60
-44.80, -3.92, 31.17
-44.39, 1.01, 30.33
-44.11, 2.69, 30.05
-44.59, 4.12, 29.05
-44.48, 5.31, 28.71
-44.73, 6.03, 28.12
-44.59, 6.85, 27.88
-44.19, 7.95, 27.53
-44.09, 8.57, 27.29
-44.01, 9.91, 26.69
-44.08, 11.60, 25.27
-44.05, 13.43, 23.80
-44.11, 15.79, 21.20
-44.44, 17.24, 19.24
-44.44, 19.08, 16.69
-45.08, 21.16, 11.99
-44.93, 22.44, 9.49
-44.16, 23.79, 7.57
-43.56, 24.83, 5.23
-44.31, 25.09, 0.99
-45.00, 24.87, -1.76
-45.61, 24.57, -4.36
-46.41, 23.88, -6.09
-46.28, 23.97, -6.97
-46.11, 23.83, -8.88
-46.59, 23.11, -11.48
-45.76, 23.35, -14.09
-45.27, 23.21, -16.32
-45.68, 22.32, -17.57
-45.72, 21.84, -18.55
-44.25, 21.87, -20.88
-43.07, 22.04, -22.15
-42.73, 21.84, -22.83
-41.81, 21.87, -24.09
-41.01, 21.77, -25.44
-41.77, 20.83, -26.31
-41.81, 19.89, -27.93
-41.29, 19.03, -29.96
-42.20, 17.81, -30.77
-43.20, 16.64, -31.09
-43.49, 15.68, -31.92
-43.51, 14.51, -33.12
-43.45, 12.88, -34.83
-43.15, 11.49, -36.37
-42.68, 8.56, -39.05
-42.52, 6.23, -40.64
-42.27, 3.93, -41.81
-42.03, 2.08, -42.77
-41.53, 0.21, -43.75
-41.20, -1.28, -44.37
-40.24, -4.12, -45.67
-39.63, -6.09, -46.35
-39.61, -7.32, -46.48
-39.81, -8.56, -46.35
-40.21, -9.01, -46.04
-40.35, -9.53, -45.97
-40.52, -11.68, -45.80
-40.76, -14.28, -45.29
-42.23, -17.48, -43.72
-42.12, -18.45, -43.53
-42.17, -19.63, -43.05
-42.09, -20.41, -42.84
-41.96, -20.83, -42.76
-41.99, -21.16, -42.67
-42.12, -21.96, -42.17
-41.25, -23.88, -41.93
-40.88, -25.65, -41.27
-40.48, -28.47, -39.81
-40.95, -32.04, -36.33
-41.07, -34.36, -33.97
-41.27, -36.31, -31.43
-41.24, -38.95, -27.52
-40.96, -40.56, -24.79
-40.79, -41.60, -22.77
-40.92, -43.00, -19.03
-41.24, -44.52, -11.11
-41.80, -44.55, -7.55
-42.52, -44.03, -4.01
-43.23, -43.48, -1.17
-43.81, -42.76, 0.64
-44.35, -42.09, 2.25
-44.13, -41.77, 4.89
-44.05, -40.71, 8.67
-43.93, -40.24, 9.88
-43.51, -38.47, 14.55
-43.49, -37.56, 16.20
-43.48, -36.51, 18.00
-43.16, -35.67, 19.56
-42.85, -34.65, 21.33
-42.33, -33.25, 23.49
-42.19, -30.17, 26.57
-42.59, -25.63, 29.65
-43.59, -19.76, 31.76
-43.97, -17.00, 32.36
-44.43, -13.76, 32.68
-44.73, -9.44, 32.96
-44.65, -7.81, 33.04
-44.92, -6.56, 32.71
-45.27, -5.09, 32.27
-45.65, -4.07, 31.73
-45.79, -4.21, 31.59
-45.81, -5.33, 31.64
-45.91, -5.95, 31.57
-46.08, -6.44, 31.41
-46.48, -6.45, 30.96
-47.60, -6.35, 29.72
-49.44, -6.17, 27.60
-52.16, -5.24, 23.96
-55.36, -5.57, 18.92
-57.04, -6.61, 15.77
-58.49, -7.04, 12.35
-59.71, -6.77, 8.68
-60.69, -6.88, 4.99
-61.49, -7.08, 0.83
-62.07, -8.05, -4.61
-62.11, -8.73, -9.00
-61.83, -9.15, -13.07
-61.32, -8.91, -16.40
-60.67, -8.75, -19.20
-59.97, -8.89, -21.47
-59.11, -9.64, -23.64
-57.99, -11.31, -26.05
-57.20, -11.92, -27.51
-56.72, -12.09, -28.40
-55.93, -12.32, -29.79
-54.88, -12.73, -31.45
-53.63, -12.88, -33.05
-52.85, -13.01, -34.21
-51.88, -13.32, -35.36
-49.92, -13.73, -37.52
-48.72, -14.11, -38.61
-47.45, -14.61, -39.65
-46.00, -14.71, -40.92
-44.12, -14.97, -42.25
-41.97, -14.12, -43.60
-39.91, -13.44, -44.76
-37.32, -13.48, -46.03
-33.08, -12.57, -47.56
-29.49, -11.99, -48.45
-27.71, -12.85, -48.69
-27.17, -13.19, -48.79
-25.93, -13.99, -48.87
-24.21, -14.76, -48.99
-22.56, -15.09, -49.04
-21.08, -14.89, -49.15
-20.05, -16.36, -48.91
-19.37, -16.49, -48.87
-16.92, -16.40, -48.75
-13.35, -16.16, -48.48
-11.27, -16.35, -48.25
-8.99, -16.24, -48.00
-7.76, -17.57, -46.81
-6.61, -18.55, -46.27
-5.39, -19.08, -45.73
-4.60, -18.83, -45.39
-3.83, -18.53, -45.00
-2.56, -18.24, -44.49
-1.41, -18.28, -43.93
1.84, -18.53, -41.96
4.11, -18.28, -40.65
5.56, -17.81, -39.85
7.39, -17.37, -38.61
9.56, -16.37, -36.95
10.45, -16.00, -36.27
12.29, -15.72, -34.56
13.97, -14.51, -32.93
15.59, -13.89, -31.12
17.27, -13.55, -28.81
19.71, -12.96, -25.23
20.36, -12.20, -23.57
20.65, -11.53, -23.51
21.32, -12.24, -21.96
22.28, -12.51, -19.65
22.60, -11.99, -19.25
21.69, -13.28, -20.35
22.80, -12.75, -18.13
23.15, -13.17, -17.19
23.35, -13.29, -16.55
23.71, -13.00, -15.59
24.19, -13.28, -13.65
24.71, -13.89, -11.11
25.04, -13.93, -9.56
25.32, -14.08, -7.59
25.29, -14.43, -7.32
25.25, -14.64, -7.49
25.23, -14.83, -7.09
25.28, -14.96, -6.68
25.81, -12.23, -6.15
25.04, -14.97, -8.64
24.89, -12.84, -11.33
23.45, -14.36, -16.11
21.95, -15.39, -19.64
20.96, -16.51, -21.09
21.28, -15.69, -20.59
22.67, -14.44, -17.85
24.23, -13.07, -13.77
25.61, -11.27, -8.67
26.08, -10.85, -5.85
26.37, -9.19, -3.52
26.49, -8.25, -0.91
26.45, -8.61, -1.08
26.43, -9.77, -1.75
26.35, -11.40, -1.73
26.07, -13.52, 0.48
25.68, -14.77, 3.71
25.15, -14.96, 6.79
24.23, -15.44, 10.91
23.05, -16.24, 14.67
20.91, -16.99, 19.48
20.39, -17.87, 20.33
19.83, -18.27, 21.33
18.65, -18.44, 23.28
16.68, -18.89, 25.87
16.20, -18.59, 26.68
13.71, -18.01, 29.45
13.25, -18.24, 29.79
12.37, -18.24, 30.68
11.44, -19.25, 31.21
8.23, -18.97, 34.03
4.69, -18.75, 36.24
2.55, -18.32, 37.51
-0.08, -17.43, 39.01
-2.19, -16.19, 40.08
-3.53, -15.17, 40.72
-5.44, -14.37, 41.40
-6.88, -13.95, 41.71
-8.77, -13.36, 42.15
-10.65, -13.11, 42.47
-12.43, -12.49, 42.65
-15.08, -12.12, 42.73
-18.07, -11.60, 42.63
-22.99, -10.91, 41.89
-25.09, -10.57, 41.40
-27.32, -10.21, 40.72
-30.87, -9.61, 39.41
-36.57, -9.12, 36.57
-37.35, -9.04, 36.09
-38.05, -8.88, 35.61
-39.13, -8.39, 34.88
-40.25, -7.95, 34.03
-41.89, -8.51, 32.67
-44.05, -9.47, 30.76
-44.97, -10.21, 29.77
-46.24, -10.89, 28.41
-47.28, -11.65, 27.19
-48.76, -12.07, 25.45
-49.68, -12.32, 24.25
-50.96, -12.60, 22.35
-53.93, -12.43, 17.21
-57.45, -12.57, 9.23
-57.75, -11.95, 8.25
-58.13, -11.93, 6.97
-58.69, -12.11, 4.76
-59.13, -12.49, 2.60
-59.59, -12.81, -0.61
-59.84, -13.19, -3.45
-59.96, -13.55, -6.17
-60.05, -13.96, -9.29
-59.96, -14.07, -11.01
-59.79, -14.53, -12.81
-59.89, -14.64, -10.89
-60.09, -14.27, -8.81
-60.13, -13.95, -6.55
-60.12, -13.85, -5.24
-60.00, -13.77, -3.24
-59.61, -13.80, 0.20
-58.96, -13.64, 3.81
-57.72, -13.60, 8.53
-55.64, -13.71, 14.16
-54.55, -14.12, 16.19
-53.56, -14.57, 18.03
-51.76, -15.03, 20.81
-49.91, -15.37, 23.33
-48.17, -15.68, 25.44
-46.05, -16.03, 27.72
-44.68, -16.35, 29.04
-40.35, -16.01, 32.96
-38.91, -15.73, 33.93
-36.93, -15.24, 35.37
-33.63, -14.80, 37.31
-33.19, -14.72, 37.52
-31.79, -14.76, 38.27
-28.52, -14.72, 39.53
-28.29, -15.13, 39.63
-25.39, -15.09, 40.60
-22.12, -14.96, 41.32
-20.80, -15.03, 41.49
-15.96, -14.93, 41.96
-9.21, -14.87, 41.52
-7.51, -15.04, 41.27
-6.47, -14.63, 41.19
-5.08, -14.43, 40.91
-2.25, -14.24, 40.09
1.61, -14.24, 38.56
3.68, -14.23, 37.56
7.21, -13.99, 35.48
9.80, -14.03, 33.71
11.09, -14.03, 32.63
14.32, -13.93, 29.63
16.47, -14.52, 26.99
17.93, -14.44, 25.13
19.89, -14.25, 22.24
21.52, -13.99, 19.48
22.60, -13.88, 17.31
23.75, -13.93, 14.47
24.53, -13.96, 11.87
25.32, -14.27, 8.79
26.07, -14.31, 4.68
26.39, -14.45, 1.80
26.56, -14.45, -1.77
26.43, -14.72, -4.60
26.01, -15.03, -7.32
25.81, -15.04, -8.72
25.35, -15.20, -10.80
25.12, -15.57, -11.63
25.71, -16.41, -6.87
25.63, -17.56, -4.65
25.75, -17.11, -5.01
25.51, -16.44, -7.09
24.92, -16.04, -9.41
24.61, -15.07, -11.16
25.19, -14.47, -12.09
24.68, -14.48, -14.13
23.99, -14.37, -16.24
23.99, -14.32, -16.39
22.97, -14.01, -19.21
21.45, -13.95, -22.35
19.72, -14.09, -25.29
18.48, -14.21, -27.21
17.51, -14.05, -28.55
16.65, -13.67, -29.80
15.43, -13.28, -31.36
14.64, -12.79, -32.35
13.60, -12.33, -33.56
12.95, -12.36, -34.19
12.72, -12.27, -34.43
13.57, -12.88, -33.28
12.08, -13.28, -34.99
11.95, -12.36, -34.72
12.11, -12.55, -35.48
12.53, -11.36, -34.91
13.28, -10.25, -33.89
11.77, -9.83, -35.75
11.21, -10.76, -36.11
10.28, -11.67, -36.88
9.31, -12.21, -37.59
9.17, -11.32, -37.69
8.87, -10.83, -38.08
8.17, -10.29, -38.76
7.95, -10.23, -39.05
7.52, -10.23, -39.60
7.39, -9.83, -39.72
9.12, -9.81, -38.36
9.51, -9.36, -37.97
8.33, -9.69, -38.77
7.33, -9.72, -39.51
7.51, -9.75, -39.41
3.39, -10.37, -42.28
0.84, -10.24, -43.79
-4.79, -10.72, -46.23
-8.84, -10.81, -47.41
-11.44, -10.89, -47.95
-14.43, -10.33, -48.35
-17.16, -9.87, -48.57
-19.91, -8.69, -48.63
-22.87, -8.31, -48.49
-24.99, -7.96, -48.28
-27.39, -7.67, -47.81
-30.91, -7.35, -46.93
-33.04, -6.63, -46.09
-35.89, -6.20, -44.85
-38.89, -5.79, -43.28
-40.93, -5.51, -41.99
-43.21, -5.76, -40.41
-44.84, -5.88, -39.15
-46.43, -5.80, -37.72
-47.17, -5.25, -36.96
-48.29, -5.05, -35.85
-49.52, -4.92, -34.55
-51.45, -4.72, -32.13
-52.64, -4.72, -30.71
-53.20, -4.43, -29.81
-54.47, -4.36, -27.87
-56.01, -4.44, -25.24
-57.91, -4.31, -21.13
-58.59, -4.39, -19.37
-58.84, -4.12, -18.31
-59.19, -4.11, -17.17
-59.75, -4.61, -15.16
-60.24, -5.07, -13.03
-60.56, -5.32, -10.97
-60.95, -5.65, -7.59
-61.03, -5.88, -5.67
-61.05, -6.48, -3.59
-60.85, -6.57, -1.17
-60.64, -7.01, 1.03
-60.21, -7.96, 3.73
-59.53, -8.67, 6.49
-58.61, -9.51, 9.41
-58.16, -10.61, 10.45
-57.96, -10.24, 10.97
-57.49, -10.24, 12.27
-57.36, -10.09, 12.47
-58.32, -9.37, 9.73
-59.08, -8.57, 7.40
-59.27, -8.39, 6.71
-59.68, -7.81, 4.61
-60.25, -7.83, 1.09
-60.67, -8.37, -4.85
-59.95, -8.84, -13.68
-58.49, -8.91, -19.17
-57.39, -9.23, -22.28
-56.16, -9.35, -25.13
-52.79, -9.49, -30.89
-48.92, -9.87, -35.59
-45.67, -10.03, -38.64
-42.64, -10.32, -40.99
-38.13, -10.81, -43.67
-34.52, -10.95, -45.32
-30.15, -11.40, -46.72
-25.65, -11.73, -47.64
-21.28, -12.47, -47.99
-17.53, -12.88, -48.03
-14.80, -12.93, -47.79
-12.03, -13.00, -47.40
-10.03, -13.05, -46.89
-6.71, -12.77, -46.01
-4.03, -12.72, -45.07
-1.43, -12.71, -43.99
1.71, -12.84, -42.33
3.12, -12.96, -41.55
4.57, -12.81, -40.63
6.56, -12.52, -39.33
8.19, -12.31, -38.15
9.17, -12.39, -37.40
10.04, -12.16, -36.67
11.07, -12.15, -35.63
11.24, -12.44, -35.31
10.93, -12.21, -35.64
10.95, -12.12, -35.55
10.95, -12.28, -35.41
11.37, -11.95, -35.00
11.69, -11.92, -34.71
11.76, -12.05, -34.64
12.07, -11.89, -34.40
12.59, -11.73, -33.79
13.60, -11.37, -32.69
14.61, -11.40, -31.72
15.03, -11.11, -31.47
14.79, -11.12, -31.67
14.47, -11.19, -31.87
14.65, -11.37, -31.61
14.80, -11.57, -31.55
14.83, -11.81, -31.47
15.13, -12.04, -31.19
15.45, -12.13, -30.85
15.89, -12.21, -30.36
16.27, -12.25, -29.97
16.03, -12.11, -30.27
15.81, -12.23, -30.37
15.79, -12.53, -30.51
15.73, -12.88, -30.59
15.63, -13.17, -30.85
15.63, -13.31, -30.95
15.69, -13.49, -30.83
15.52, -13.37, -30.97
15.35, -13.43, -31.12
15.43, -13.44, -31.08
15.48, -13.49, -31.00
15.80, -13.53, -30.64
16.11, -13.84, -30.31
17.53, -13.79, -28.39
19.07, -13.52, -26.37
19.79, -13.36, -25.27
20.24, -12.73, -24.44
19.89, -12.85, -24.67
19.71, -13.13, -24.93
19.33, -13.43, -25.47
18.79, -13.75, -26.35
18.11, -15.07, -26.92
17.72, -15.39, -27.32
17.93, -14.32, -27.23
18.51, -12.04, -27.61
18.16, -12.77, -28.15
18.23, -12.53, -28.13
19.12, -12.07, -26.83
19.45, -11.83, -26.27
19.67, -12.07, -25.75
20.51, -11.67, -24.31
20.53, -11.89, -24.19
21.72, -11.95, -21.93
22.39, -12.68, -20.57
22.60, -12.45, -20.16
23.80, -11.63, -16.83
24.88, -10.75, -13.53
25.55, -10.12, -10.93
26.37, -10.24, -5.51
26.60, -9.92, -1.43
26.51, -9.47, 2.60
25.95, -9.33, 6.84
25.56, -10.24, 7.72
25.37, -10.44, 9.55
25.84, -10.00, 9.68
25.28, -10.48, 11.24
25.55, -10.48, 11.20
24.73, -11.68, 13.47
23.16, -11.47, 17.83
22.00, -11.47, 19.83
20.61, -11.53, 22.60
18.57, -11.40, 25.75
16.07, -11.27, 28.91
13.08, -10.95, 32.04
9.69, -10.76, 34.83
5.97, -10.79, 37.27
2.83, -10.88, 38.88
-1.04, -10.92, 40.47
-4.80, -11.09, 41.59
-8.45, -11.11, 42.28
-14.05, -10.91, 42.72
-20.33, -11.39, 42.33
-24.59, -11.73, 41.44
-32.75, -12.09, 38.40
-37.57, -12.31, 35.75
-40.77, -11.23, 33.53
-44.20, -10.80, 30.67
-45.76, -12.03, 29.00
-47.13, -12.03, 27.55
-47.33, -12.89, 27.23
-46.49, -13.53, 28.00
-45.33, -13.61, 29.11
-43.85, -15.27, 29.93
-43.25, -16.33, 29.89
-42.39, -17.47, 30.40
-41.29, -18.95, 30.76
-40.72, -19.93, 30.84
-39.91, -21.32, 30.92
-39.04, -22.39, 30.99
-37.96, -24.69, 30.49
-36.17, -26.80, 30.32
-35.24, -28.19, 29.83
-34.93, -28.49, 29.56
-33.71, -29.52, 29.36
-31.91, -30.95, 29.20
-29.35, -31.68, 29.83
-27.15, -32.25, 30.25
-25.49, -32.53, 30.53
-23.97, -32.39, 31.12
-23.01, -32.19, 31.56
-22.55, -31.51, 32.23
-21.91, -30.85, 32.88
-20.64, -30.55, 33.33
-19.36, -30.72, 33.40
-18.64, -29.95, 34.07
-17.79, -29.52, 34.48
-17.00, -28.75, 34.96
-15.36, -29.24, 34.60
-14.04, -29.48, 34.37
-13.12, -29.63, 34.23
-11.99, -28.87, 34.72
-11.19, -27.29, 35.51
-11.24, -26.55, 35.93
-10.36, -26.69, 35.76
-9.20, -26.72, 35.39
-8.03, -26.11, 35.56
-6.85, -25.55, 35.56
-6.21, -25.45, 35.44
-5.29, -25.04, 35.41
-4.68, -23.85, 35.77
-4.09, -22.64, 36.19
-3.23, -21.91, 36.31
-2.21, -20.79, 36.53
-0.85, -20.29, 36.27
0.29, -19.36, 36.15
1.40, -18.21, 36.00
2.03, -16.93, 36.09
2.37, -15.52, 36.28
3.21, -14.56, 36.12
3.89, -13.89, 35.92
4.52, -12.99, 35.75
4.97, -11.47, 35.72
5.47, -10.61, 35.57
5.61, -9.67, 35.49
5.85, -8.20, 35.45
5.99, -7.39, 35.39
6.08, -6.81, 35.31
6.40, -6.11, 35.03
7.28, -4.85, 34.33
7.75, -3.88, 33.95
8.01, -3.43, 33.72
8.03, -3.21, 33.72
7.51, -3.48, 34.16
7.33, -3.91, 34.28
7.11, -5.25, 34.60
6.76, -6.32, 34.97
7.01, -6.75, 34.84
7.20, -7.89, 34.63
7.01, -9.36, 34.79
6.04, -11.05, 35.28
5.92, -12.55, 35.23
5.83, -14.27, 34.95
5.23, -15.84, 34.96
4.28, -17.51, 35.15
3.76, -19.11, 34.95
3.88, -20.72, 34.43
3.12, -22.15, 34.23
1.88, -23.41, 34.31
0.45, -24.20, 34.59
-1.40, -26.01, 34.37
-2.85, -27.87, 33.83
-4.16, -29.40, 33.24
-6.19, -30.72, 32.93
-8.99, -32.11, 32.71
-11.55, -33.39, 32.27
-13.57, -34.31, 31.71
-14.81, -35.69, 30.52
-17.55, -36.00, 30.24
-21.35, -35.48, 30.39
-25.84, -34.76, 30.03
-28.47, -34.76, 28.95
-31.12, -35.00, 27.48
-33.84, -33.60, 27.35
-35.92, -32.28, 27.27
-37.88, -31.13, 26.95
-40.33, -29.35, 26.37
-42.81, -26.56, 26.29
-44.75, -22.91, 26.91
-45.95, -20.04, 27.03
-46.51, -19.71, 26.61
-46.80, -17.09, 27.33
-47.01, -12.51, 28.16
-46.41, -8.45, 29.05
-45.17, -4.20, 29.88
-44.05, -1.64, 30.33
-43.09, 0.61, 30.63
-42.44, 1.61, 30.72
-41.33, 3.13, 31.12
-39.43, 4.84, 31.88
-36.05, 7.99, 32.44
-33.80, 10.19, 32.36
-32.24, 11.29, 32.49
-30.53, 12.23, 32.71
-27.77, 13.11, 33.27
-23.85, 13.63, 34.25
-20.96, 13.36, 35.16
-19.95, 14.08, 34.91
-18.12, 14.45, 34.83
-15.65, 14.39, 35.00
-13.08, 14.91, 34.63
-12.15, 14.33, 34.89
-10.93, 14.49, 34.53
-9.13, 15.15, 33.79
-6.68, 14.43, 33.84
-4.56, 13.57, 34.11
-3.48, 13.19, 34.03
-3.48, 13.33, 33.91
-3.53, 12.95, 34.20
-3.73, 13.01, 34.28
-4.09, 13.32, 34.12
-4.09, 13.87, 33.67
-4.24, 13.95, 33.44
-4.31, 13.51, 33.69
-4.47, 13.49, 33.67
-4.65, 13.57, 33.52
-4.43, 13.56, 33.53
-4.61, 13.88, 33.35
-4.72, 14.40, 33.00
-4.84, 14.79, 32.76
-5.03, 14.47, 33.12
-5.83, 14.72, 32.93
-6.71, 14.85, 33.03
-7.44, 15.52, 32.60
-8.64, 16.28, 32.12
-10.33, 16.52, 32.20
-11.72, 16.39, 32.47
-13.32, 16.55, 32.47
-14.49, 16.79, 32.39
-15.79, 16.61, 32.44
-17.37, 16.80, 32.15
-19.83, 17.40, 31.20
-21.96, 16.75, 31.35
-24.00, 16.04, 31.40
-25.99, 15.41, 31.29
-27.76, 13.59, 32.03
-29.32, 12.56, 32.03
-30.89, 11.56, 31.87
-32.39, 9.73, 32.25
-33.04, 8.84, 32.39
-33.16, 7.15, 33.27
-35.15, 5.65, 32.59
-38.00, 3.84, 31.29
-39.15, 2.61, 30.99
-38.61, 1.87, 31.77
-39.11, 1.04, 31.79
-38.95, -0.04, 32.21
-38.87, -0.96, 32.48
-39.68, -1.95, 32.13
-40.47, -3.45, 31.77
-40.92, -5.04, 31.56
-41.43, -6.31, 31.24
-42.27, -7.49, 30.60
-42.21, -8.69, 30.52
-42.40, -11.00, 30.41
-43.21, -11.53, 29.69
-43.05, -13.28, 29.77
-43.07, -14.20, 29.71
-42.60, -15.89, 29.85
-42.04, -17.32, 30.15
-41.63, -18.29, 30.43
-41.36, -18.84, 30.61
-40.81, -19.47, 31.00
-40.64, -20.21, 30.99
-39.67, -21.64, 31.21
-38.15, -22.84, 31.73
-37.17, -23.56, 31.97
-37.12, -24.00, 31.91
-37.73, -24.19, 31.53
-38.00, -24.31, 31.45
-37.95, -24.55, 31.40
-37.32, -25.68, 31.32
-35.87, -27.75, 30.87
-34.12, -29.55, 30.52
-32.41, -30.75, 30.64
-31.03, -31.33, 30.91
-30.27, -31.84, 30.84
-29.80, -32.13, 30.89
-29.24, -32.52, 30.85
-28.79, -32.85, 30.84
-28.39, -33.41, 30.60
-28.21, -33.64, 30.47
-28.25, -33.64, 30.44
-28.25, -33.97, 30.09
-27.96, -34.13, 29.95
-27.51, -34.40, 29.73
-27.40, -34.67, 29.41
-27.05, -34.95, 29.19
-26.39, -35.08, 29.25
-25.89, -35.19, 29.23
-25.48, -34.99, 29.68
-24.95, -34.83, 29.93
-24.84, -34.76, 30.03
-25.00, -34.51, 30.24
-25.45, -34.47, 30.25
-25.35, -34.49, 30.17
-25.57, -34.49, 30.13
-25.80, -34.41, 30.07
-26.05, -34.23, 30.17
-26.32, -34.12, 30.16
-26.68, -34.35, 29.73
-27.69, -34.81, 28.81
-33.29, -35.33, 25.17
-35.35, -34.99, 24.31
-36.32, -34.04, 24.87
-36.00, -33.28, 26.12
-36.61, -31.39, 27.88
-37.61, -29.48, 29.28
-38.44, -27.37, 30.52
-40.31, -25.27, 30.72
-41.04, -24.24, 30.87
-40.93, -22.36, 32.07
-41.60, -20.57, 32.47
-42.35, -18.17, 33.04
-42.57, -15.48, 33.72
-42.84, -12.97, 34.04
-42.87, -11.48, 34.28
-42.60, -10.29, 34.45
-42.87, -10.01, 34.28
-42.61, -9.96, 34.56
-42.59, -9.60, 34.65
-42.11, -8.52, 35.03
-41.37, -7.53, 35.43
-40.41, -6.27, 35.77
-39.48, -5.21, 36.09
-37.57, -2.79, 36.83
-34.88, -0.31, 37.52
-33.04, 1.75, 37.64
-30.59, 3.75, 37.64
-28.45, 5.36, 37.56
-27.60, 5.83, 37.39
-27.15, 6.28, 37.00
-23.27, 7.39, 37.00
-20.83, 7.57, 37.01
-18.03, 7.35, 37.16
-17.11, 7.03, 37.12
-16.68, 7.43, 36.61
-14.28, 7.77, 36.31
-12.99, 8.25, 35.79
-13.20, 8.16, 35.79
-13.52, 8.09, 35.84
-14.20, 8.29, 35.80
-16.81, 9.47, 35.15
-18.15, 9.99, 34.97
-21.11, 10.47, 34.47
-23.93, 9.99, 34.37
-25.49, 9.07, 34.72
-27.05, 7.89, 34.89
-27.49, 7.11, 35.19
-28.69, 5.99, 35.51
-29.36, 5.05, 35.85
-30.65, 3.67, 36.27
-32.52, 1.07, 36.67
-33.72, -0.27, 36.80
-34.85, -1.52, 36.80
-35.24, -3.37, 37.12
-35.84, -4.23, 37.07
-36.35, -5.35, 36.91
-37.08, -6.51, 36.53
-37.19, -7.28, 36.55
-37.13, -7.64, 36.53
-37.03, -7.99, 36.56
-37.05, -8.35, 36.56
-37.25, -8.60, 36.47
-37.27, -8.83, 36.44
-37.43, -9.12, 36.33
-37.76, -9.51, 36.19
-38.61, -10.27, 35.65
-39.00, -11.36, 35.49
-39.36, -12.63, 35.20
-39.75, -14.15, 34.84
-40.03, -14.84, 34.55
-39.87, -15.40, 34.68
-40.03, -16.03, 34.37
-40.60, -16.88, 33.88
-41.31, -17.49, 33.28
-41.95, -17.95, 32.77
-42.43, -18.87, 32.27
-41.95, -20.17, 32.13
-42.03, -20.20, 32.01
-41.89, -20.04, 32.24
-42.67, -19.35, 31.88
-43.27, -18.25, 31.80
-47.01, -17.35, 28.19
-52.11, -17.41, 21.52
-56.20, -16.57, 14.32
-55.65, -15.61, 16.25
-56.23, -13.81, 15.49
-56.76, -13.48, 14.51
-57.84, -13.04, 11.69
-58.37, -14.89, 9.43
-58.92, -15.88, 7.25
-58.76, -18.64, 5.53
-58.32, -20.97, 4.53
-58.29, -22.59, 1.99
-58.69, -22.75, -1.11
-59.55, -20.87, -3.27
-60.31, -18.73, -6.81
-60.57, -17.21, -9.47
-60.48, -16.19, -12.49
-60.19, -15.55, -15.05
-59.96, -14.73, -16.71
-59.75, -13.63, -18.04
-59.24, -13.99, -19.75
-58.64, -14.47, -21.43
-58.13, -13.67, -23.16
-57.64, -12.71, -24.60
-55.99, -11.96, -28.09
-54.97, -10.96, -29.77
-53.95, -10.12, -31.16
-52.69, -10.31, -32.71
-51.36, -11.61, -33.93
-50.69, -11.72, -34.72
-50.13, -10.80, -35.45
-48.05, -10.03, -37.92
-46.83, -9.91, -38.95
-46.39, -9.13, -39.49
-45.08, -6.52, -40.40
-43.00, -5.39, -41.79
-39.96, -7.07, -44.01
-36.25, -8.61, -45.97
-32.76, -9.21, -47.40
-28.53, -9.97, -48.75
-24.44, -10.92, -49.60
-18.85, -13.31, -49.80
-14.79, -14.39, -49.39
-10.72, -16.77, -48.33
-7.92, -18.83, -47.21
-5.35, -20.55, -45.91
-2.09, -22.77, -43.68
1.87, -24.68, -40.77
4.93, -26.24, -37.75
7.37, -28.31, -34.25
9.21, -30.20, -30.81
10.39, -31.65, -28.01
11.39, -33.32, -24.48
12.52, -35.80, -17.95
12.64, -37.95, -11.33
11.91, -39.39, -7.24
10.79, -40.56, -3.53
9.69, -41.25, -0.13
8.64, -41.81, 2.56
6.28, -42.41, 7.13
4.45, -42.53, 10.57
2.45, -42.53, 13.36
0.52, -41.99, 17.07
-1.68, -41.04, 20.56
-3.93, -41.03, 21.93
-5.68, -41.29, 22.32
-6.61, -42.93, 19.93
-6.91, -44.96, 15.99
-8.57, -46.52, 12.83
-11.85, -48.28, 8.52
-15.91, -49.36, 4.07
-19.85, -49.93, -0.20
-23.32, -49.76, -6.36
-26.23, -48.44, -14.13
-29.41, -45.89, -20.57
-33.55, -42.55, -25.29
-36.36, -40.13, -27.41
-39.57, -38.29, -27.41
-44.85, -33.29, -28.71
-47.89, -30.08, -28.43
-50.11, -26.73, -28.59
-51.31, -22.84, -29.85
-52.93, -18.59, -29.57
-54.00, -15.87, -28.92
-53.19, -12.83, -31.12
-53.71, -8.37, -30.61
-53.59, -2.60, -29.80
-52.81, 0.64, -29.93
-51.63, 3.39, -30.19
-51.19, 6.47, -28.56
-52.09, 9.99, -22.69
-53.51, 12.13, -14.32
-53.19, 14.05, -9.45
-51.08, 16.75, -9.23
-48.64, 19.49, -8.37
-44.87, 22.79, -8.97
-38.40, 26.69, -11.09
-32.88, 28.69, -13.56
-27.71, 29.64, -16.16
-24.07, 29.77, -17.76
-20.15, 29.45, -19.64
-14.53, 28.31, -22.51
-10.29, 27.00, -24.13
-6.93, 25.87, -24.67
-3.67, 24.67, -24.84
0.25, 23.53, -23.71
3.64, 22.05, -23.16
6.76, 20.85, -21.68
8.89, 20.45, -19.36
9.71, 21.24, -16.39
9.13, 22.72, -13.72
6.47, 25.32, -11.07
2.60, 28.05, -8.19
-2.16, 30.33, -5.20
-6.00, 31.64, -1.81
-8.76, 32.21, 0.77
-11.41, 32.44, 2.07
-14.36, 32.52, 3.13
-17.76, 32.43, 3.89
-20.71, 32.09, 4.79
-23.76, 31.53, 5.64
-27.88, 30.36, 7.19
-30.56, 29.47, 7.09
-34.44, 26.05, 13.31
-35.75, 24.03, 16.27
-36.16, 23.25, 17.27
-35.19, 22.55, 19.51
-34.17, 21.81, 21.49
-34.79, 20.83, 22.32
-34.83, 19.64, 23.93
-35.28, 17.83, 25.80
-35.56, 15.72, 27.59
-35.85, 14.17, 28.76
-37.04, 12.75, 29.04
-37.65, 11.37, 29.57
-38.09, 9.43, 30.55
-39.03, 9.21, 29.87
-39.71, 7.24, 30.29
-40.75, 4.91, 30.45
-42.68, 2.53, 29.83
-43.63, 1.80, 29.25
-44.08, 1.24, 29.08
-45.05, 0.52, 28.31
-46.28, 0.11, 27.00
-47.28, 0.20, 25.72
-47.67, -0.91, 25.55
-47.36, -2.12, 26.07
-47.04, -4.35, 26.73
-48.37, -4.77, 25.24
-49.01, -6.76, 24.67
-48.80, -11.64, 24.77
-49.55, -12.64, 23.51
-50.25, -15.71, 21.63
-50.28, -16.84, 21.03
-50.40, -17.33, 20.55
-50.73, -18.35, 19.51
-51.13, -19.61, 18.23
-51.13, -20.21, 17.81
-50.97, -22.49, 16.48
-50.81, -25.51, 13.81
-50.72, -26.92, 12.33
-50.73, -27.33, 11.73
-50.75, -27.83, 11.17
-50.53, -28.65, 10.63
-50.09, -30.03, 9.53
-49.89, -31.11, 7.85
-49.80, -31.59, 7.24
-49.95, -31.61, 6.67
-50.28, -31.59, 5.45
-50.83, -31.43, 3.75
-51.44, -31.16, 1.33
-52.35, -30.52, -1.89
-53.01, -29.60, -5.72
-53.63, -28.21, -9.45
-53.68, -27.52, -12.29
-53.57, -26.69, -15.07
-52.99, -26.21, -18.25
-52.60, -26.08, -19.52
-52.15, -25.49, -21.39
-52.00, -25.24, -22.00
-51.73, -24.25, -23.71
-51.60, -22.37, -25.45
-51.87, -20.01, -26.87
-51.77, -19.37, -27.60
-51.33, -19.25, -28.68
-49.93, -18.83, -31.04
-49.40, -18.12, -32.12
-48.83, -17.29, -33.12
-48.49, -16.44, -33.95
-47.36, -15.45, -35.67
-47.12, -14.64, -36.23
-47.00, -14.09, -36.43
-47.09, -13.63, -36.45
-46.27, -12.84, -37.65
-45.33, -12.67, -38.59
-44.48, -11.91, -39.52
-42.92, -10.07, -40.80
-42.44, -8.00, -41.11
-43.00, -5.36, -40.48
-42.08, -3.91, -41.13
-40.91, -2.81, -41.83
-40.05, -2.36, -42.24
-39.39, 0.65, -41.91
-38.36, 2.91, -41.77
-38.15, 4.83, -41.19
-37.53, 6.11, -40.93
-36.75, 6.64, -41.20
-36.95, 5.72, -41.63
-37.81, 3.19, -42.04
-38.19, -0.57, -43.03
-38.89, -5.35, -43.52
-39.60, -10.52, -43.24
-39.45, -16.33, -42.59
-38.00, -23.08, -40.89
-35.84, -33.55, -34.35
-33.40, -42.21, -22.89
-31.17, -46.33, -11.25
-29.91, -46.32, -13.99
-29.63, -46.45, -13.85
-27.69, -45.97, -18.20
-26.17, -45.19, -21.63
-25.21, -42.77, -27.55
-26.21, -41.15, -29.77
-25.88, -42.61, -27.51
-25.45, -41.19, -30.09
-25.45, -40.45, -31.11
-25.80, -40.63, -30.75
-25.65, -40.65, -30.76
-25.81, -41.55, -29.20
-25.28, -45.24, -21.43
-25.68, -48.25, -7.60
-24.77, -48.47, -5.99
-23.37, -48.63, -0.47
-22.56, -47.92, 5.96
-21.33, -46.87, 10.56
-21.55, -45.04, 15.85
-19.31, -43.59, 19.29
-17.67, -43.13, 20.28
-16.40, -42.77, 20.93
-15.55, -42.29, 21.72
-15.60, -41.84, 22.49
-16.09, -41.13, 23.28
-15.48, -40.79, 23.85
-14.45, -40.41, 24.27
-13.57, -39.93, 24.85
-10.88, -39.19, 25.31
-3.73, -37.41, 24.92
3.64, -35.03, 22.67
10.31, -32.32, 19.44
14.32, -30.07, 16.91
16.49, -28.69, 14.81
19.15, -26.25, 12.75
20.89, -24.83, 9.84
22.55, -23.00, 6.75
23.35, -22.27, 4.00
23.99, -21.51, -3.27
24.05, -21.11, -4.07
24.51, -20.15, -4.71
25.20, -18.09, -4.09
25.80, -15.39, -4.47
26.01, -13.47, -6.25
25.88, -12.28, -8.21
25.13, -12.27, -11.77
24.69, -11.00, -13.92
22.67, -9.33, -20.24
20.59, -7.68, -24.53
18.67, -5.95, -27.65
15.64, -4.91, -31.71
13.23, -3.91, -34.25
12.13, -3.11, -35.15
10.03, -2.32, -37.05
7.99, -1.37, -38.52
6.20, -0.79, -39.91
4.65, -0.15, -40.75
2.21, 1.20, -41.75
-0.04, 1.45, -42.85
-1.85, 0.65, -43.97
-3.00, 0.76, -44.40
-6.71, 0.69, -45.61
-9.57, 0.85, -46.15
-11.75, 0.80, -46.32
-15.21, -0.71, -46.97
-17.95, -3.21, -47.48
-20.00, -7.49, -47.96
-22.23, -9.97, -47.84
-23.29, -12.21, -47.59
-24.01, -14.45, -47.24
-24.65, -17.60, -46.87
-25.17, -21.96, -45.55
-25.08, -26.95, -43.23
-24.49, -32.16, -39.73
-23.75, -35.01, -37.43
-22.87, -37.84, -34.32
-21.09, -40.80, -30.41
-19.57, -42.79, -27.44
-16.97, -44.83, -23.77
-14.60, -46.48, -19.65
-13.45, -47.77, -15.59
-13.53, -48.63, -12.63
-14.29, -49.28, -8.76
-13.12, -49.47, -6.25
-13.20, -49.57, -4.20
-13.96, -49.60, -1.15
-15.49, -49.44, 1.80
-17.08, -48.99, 5.36
-18.64, -47.99, 9.45
-20.05, -47.23, 11.73
-21.89, -46.35, 13.76
-23.13, -45.40, 15.81
-23.65, -44.36, 18.11
-24.76, -43.23, 19.79
-23.95, -42.52, 21.53
-22.67, -40.36, 25.47
-20.13, -38.00, 29.11
-17.99, -36.31, 31.21
-16.65, -35.00, 32.45
-14.69, -33.56, 33.80
-14.59, -32.28, 34.79
-13.32, -31.25, 35.55
-9.36, -30.07, 36.08
-6.75, -29.88, 35.68
-5.41, -29.64, 35.48
-2.55, -28.96, 34.84
0.88, -27.32, 34.43
4.12, -24.39, 34.43
5.75, -22.67, 34.23
7.77, -20.76, 33.71
9.35, -18.43, 33.49
10.88, -15.83, 33.07
14.25, -10.72, 30.83
15.24, -7.55, 29.89
15.39, -4.79, 29.47
16.85, -5.48, 27.77
18.76, -8.08, 25.40
19.92, -11.21, 23.47
20.32, -14.28, 22.00
20.64, -17.75, 19.73
20.55, -21.87, 17.32
18.56, -25.99, 17.40
16.72, -29.39, 16.73
14.40, -32.43, 16.52
13.33, -33.77, 16.08
11.09, -36.71, 14.77
7.59, -39.19, 14.81
5.05, -41.27, 13.49
2.48, -43.20, 11.32
1.97, -44.07, 8.93
1.68, -44.57, 6.75
0.95, -45.27, 4.35
-0.21, -45.84, 2.57
0.15, -45.84, -2.36
0.83, -45.15, -7.81
-1.07, -44.85, -13.40
-2.59, -44.49, -16.65
-4.16, -43.40, -20.75
-5.68, -42.45, -23.92
-7.43, -42.05, -25.41
-8.84, -41.80, -26.47
-10.47, -41.99, -26.68
-11.71, -42.72, -25.71
-13.00, -44.19, -22.96
-13.19, -46.23, -17.37
-12.88, -47.92, -9.04
-13.15, -48.39, -1.08
-13.68, -47.51, 7.12
-13.84, -44.31, 17.29
-13.75, -38.32, 27.37
-13.35, -34.68, 31.75
-14.23, -29.83, 36.19
-15.19, -26.85, 38.48
-14.91, -26.51, 38.91
-13.56, -28.33, 38.09
-11.72, -29.44, 37.32
-10.08, -29.57, 37.15
-8.64, -29.56, 36.92
-7.36, -29.68, 36.56
-6.56, -32.55, 34.16
-3.77, -31.59, 33.95
-0.87, -31.15, 33.03
0.73, -30.31, 32.83
1.61, -30.44, 32.17
1.16, -29.85, 32.85
2.41, -28.48, 33.24
3.83, -27.60, 33.01
6.67, -27.01, 31.45
8.13, -26.17, 30.80
8.75, -25.08, 30.83
8.89, -24.20, 31.15
9.01, -21.83, 32.31
8.76, -19.73, 33.23
10.48, -17.79, 32.61
6.92, -14.12, 36.00
5.05, -12.80, 36.89
3.59, -12.80, 37.49
2.25, -13.12, 38.11
1.12, -13.16, 38.61
-0.95, -13.39, 39.45
-3.44, -13.73, 40.20
-6.99, -14.63, 40.75
-14.92, -18.01, 40.59
-17.61, -19.16, 40.16
-17.71, -19.88, 39.95
-18.45, -21.25, 39.41
-19.47, -22.41, 38.83
-20.23, -23.11, 38.43
-20.43, -22.96, 38.47
-21.97, -22.21, 38.49
-24.68, -19.72, 38.85
-27.51, -16.21, 39.04
-29.87, -13.48, 38.72
-30.36, -12.76, 38.59
-31.23, -12.81, 38.05
-31.88, -13.83, 37.53
-33.21, -14.81, 36.75
-34.68, -15.04, 35.97
-36.68, -15.12, 34.77
-37.80, -15.79, 34.00
-38.75, -15.73, 33.39
-39.59, -15.67, 32.84
-40.05, -17.29, 32.09
-41.63, -15.83, 31.23
-41.92, -16.56, 30.80
-43.28, -15.65, 29.89
-43.48, -13.21, 30.21
-43.67, -11.84, 30.08
-44.65, -8.56, 29.43
-44.60, -6.85, 29.25
-47.13, -3.85, 26.36
-48.25, -1.88, 24.52
-49.83, 0.44, 21.37
-51.43, 1.97, 18.08
-52.01, 3.96, 15.55
-52.57, 5.28, 13.33
-52.37, 8.48, 10.13
-51.96, 10.09, 8.72
-51.81, 10.85, 7.76
-51.37, 12.48, 5.83
-51.24, 13.13, 4.79
-51.05, 13.93, 3.65
-51.09, 14.09, 2.85
-50.77, 14.61, 2.41
-50.37, 15.32, 1.31
-50.09, 15.68, 0.79
-49.47, 16.60, -0.25
-47.97, 18.71, -2.53
-46.75, 20.00, -5.51
-45.63, 21.04, -8.52
-44.00, 21.73, -12.64
-41.75, 22.12, -17.43
-40.81, 21.80, -19.73
-40.25, 20.87, -22.75
-39.45, 20.00, -25.37
-39.05, 18.84, -27.80
-38.65, 17.56, -29.93
-37.84, 16.68, -31.71
-37.88, 14.20, -34.21
-38.36, 12.40, -35.53
-37.91, 11.28, -36.88
-36.35, 11.63, -37.67
-35.13, 9.55, -40.03
-35.83, 8.32, -40.61
-35.09, 6.44, -42.36
-33.92, 4.12, -44.29
-32.41, 2.13, -45.76
-30.09, -0.25, -47.36
-26.95, -3.28, -48.81
-24.91, -5.47, -49.53
-22.60, -7.00, -49.87
-21.13, -8.53, -50.09
-20.56, -10.16, -50.08
-18.87, -12.56, -49.97
-17.19, -14.52, -49.65
-16.03, -14.69, -49.57
-14.33, -16.03, -49.28
-13.17, -14.52, -49.39
-11.92, -15.20, -49.09
-11.12, -14.71, -48.99
-10.08, -14.28, -48.85
-8.27, -13.69, -48.49
-7.00, -12.93, -48.17
-5.83, -12.89, -47.81
-4.64, -13.59, -47.36
-1.83, -14.11, -46.15
0.45, -14.77, -44.93
2.97, -15.00, -43.55
4.13, -14.68, -42.96
5.19, -14.11, -42.40
6.44, -14.39, -41.47
8.69, -14.63, -39.68
10.43, -14.65, -38.27
13.60, -13.83, -35.39
17.60, -13.28, -30.56
19.63, -13.27, -27.48
20.97, -12.85, -25.08
22.07, -10.88, -23.37
22.48, -7.23, -22.57
22.48, -1.16, -21.31
21.60, 4.99, -19.09
19.63, 9.67, -18.25
17.12, 14.08, -17.56
13.65, 18.12, -17.44
9.95, 21.84, -16.84
6.01, 24.63, -16.68
3.04, 25.93, -17.21
-2.80, 27.97, -18.79
-6.43, 28.04, -21.32
-8.61, 27.61, -23.51
-12.73, 25.99, -28.00
-15.29, 23.67, -31.89
-16.85, 21.55, -34.61
-18.96, 19.32, -37.08
-20.76, 17.23, -39.07
-22.99, 13.39, -41.99
-24.73, 9.43, -44.23
-26.69, 6.67, -45.31
-29.85, 2.84, -46.05
-34.28, 2.19, -44.64
-36.95, 1.69, -43.57
-39.75, 0.45, -42.31
-43.36, -0.56, -39.93
-44.03, -0.81, -39.49
-44.56, -1.15, -39.13
-45.43, -0.32, -38.21
-47.11, 1.17, -36.13
-48.41, 3.09, -33.75
-49.96, 4.16, -31.12
-51.49, 6.28, -27.28
-52.63, 8.41, -22.76
-53.73, 10.17, -16.61
-54.52, 10.87, -9.40
-54.65, 10.80, -3.83
-54.27, 10.07, 2.47
-53.52, 8.87, 7.71
-52.16, 7.25, 13.05
-50.43, 4.47, 18.65
-48.37, 1.56, 23.07
-46.29, -0.61, 26.21
-42.59, -3.00, 30.33
-38.20, -4.48, 33.89
-34.12, -6.27, 36.43
-30.27, -7.52, 38.29
-28.29, -9.04, 39.12
-26.21, -13.23, 39.59
-24.08, -21.37, 38.11
-26.29, -31.37, 31.67
-27.35, -32.52, 31.01
-26.79, -32.56, 31.33
-26.47, -31.13, 32.71
-26.44, -29.37, 34.25
-26.01, -26.91, 36.13
-23.87, -24.47, 38.25
-20.35, -26.52, 38.07
-17.53, -28.48, 37.17
-15.27, -29.73, 36.51
-13.08, -31.89, 35.03
-10.92, -33.56, 33.48
-9.24, -35.39, 31.57
-8.76, -38.21, 28.49
-7.67, -41.40, 24.19
-7.99, -43.80, 20.51
-7.32, -45.07, 17.41
-3.97, -45.52, 14.07
-2.72, -46.51, 9.71
-2.41, -46.53, 9.36
-2.28, -45.77, 11.77
0.83, -45.19, 8.97
3.96, -44.35, 5.29
5.47, -44.19, -3.71
8.36, -40.73, -14.47
11.37, -36.39, -19.17
12.63, -32.37, -23.96
10.59, -27.45, -31.93
9.57, -25.60, -34.31
7.88, -25.87, -35.59
4.77, -26.33, -37.80
2.08, -27.61, -38.71
-0.63, -27.64, -40.24
-4.00, -28.11, -41.59
-7.45, -29.77, -41.81
-12.63, -29.84, -43.01
-18.20, -30.03, -43.40
-22.29, -30.11, -43.16
-26.43, -29.19, -43.20
-30.79, -28.93, -41.85
-35.40, -28.67, -39.73
-37.39, -29.45, -37.85
-40.56, -30.07, -34.97
-43.45, -31.59, -30.61
-47.03, -30.71, -26.85
-48.48, -31.60, -22.85
-48.19, -34.77, -16.57
-45.32, -38.73, -11.20
-41.63, -41.73, -1.56
-38.24, -42.85, 4.61
-34.87, -42.08, 13.08
-32.47, -41.15, 17.55
-30.25, -39.24, 22.67
-28.19, -38.76, 24.83
-27.31, -38.13, 26.21
-26.84, -37.71, 27.32
-25.63, -37.39, 28.28
-24.83, -36.64, 29.40
-23.48, -36.31, 30.28
-21.91, -35.44, 31.56
-20.75, -34.47, 32.71
-17.39, -33.59, 33.85
-12.88, -31.80, 35.24
-9.59, -29.32, 36.65
-5.56, -25.29, 38.12
-1.40, -20.87, 38.71
1.81, -17.24, 38.55
4.17, -14.68, 37.97
6.19, -11.64, 37.21
8.33, -9.01, 35.97
10.87, -6.59, 33.99
14.75, -5.56, 30.24
18.17, -6.55, 26.11
21.56, -6.92, 20.63
24.95, -7.36, 12.09
26.16, -7.40, 6.83
26.69, -8.41, 1.85
26.52, -10.33, -3.87
26.04, -12.55, -7.04
24.91, -15.40, -10.59
22.97, -18.92, -14.55
20.83, -21.35, -17.97
17.84, -24.65, -20.87
13.87, -26.33, -25.61
8.53, -28.72, -29.80
5.31, -31.68, -29.67
4.77, -35.79, -24.60
4.65, -38.16, -20.21
4.83, -39.88, -15.40
4.93, -41.28, -9.43
5.17, -41.67, -4.41
6.28, -40.83, 2.19
7.79, -37.69, 11.79
8.21, -33.84, 19.36
7.64, -28.12, 27.11
6.73, -19.83, 33.52
4.73, -14.84, 36.57
2.59, -11.19, 38.43
-0.28, -7.61, 39.91
-2.44, -4.72, 40.64
-4.09, -1.81, 40.91
-6.59, 1.19, 40.88
-9.61, 2.12, 41.20
-12.13, 2.47, 41.44
-14.91, 4.76, 40.89
-17.11, 6.56, 40.16
-19.39, 7.55, 39.51
-21.85, 9.09, 38.37
-23.77, 8.03, 38.41
-26.36, 10.25, 36.47
-29.68, 12.12, 34.00
-32.11, 15.41, 30.25
-33.49, 18.67, 26.09
-35.35, 19.40, 23.91
-37.48, 18.88, 22.79
-39.04, 16.95, 23.81
-40.13, 10.44, 29.03
-40.65, 6.49, 31.16
-40.81, 0.12, 33.68
-40.28, -3.85, 35.03
-40.76, -7.64, 35.03
-41.51, -11.57, 34.39
-42.55, -17.91, 32.25
-42.71, -23.32, 29.79
-42.37, -25.79, 28.64
-42.55, -29.45, 25.72
-42.61, -31.25, 23.99
-42.39, -32.76, 22.51
-42.39, -35.08, 19.59
-42.28, -36.45, 17.64
-42.01, -37.60, 16.19
-42.05, -39.59, 12.24
-42.16, -41.07, 7.91
-42.36, -41.39, 6.31
-42.69, -41.55, 4.45
-43.23, -41.61, 2.35
-43.79, -41.55, -0.29
-43.99, -41.67, -2.99
-44.35, -41.49, -6.76
-44.39, -41.41, -7.67
-44.64, -40.84, -11.36
-44.61, -40.13, -15.48
-44.59, -39.16, -18.89
-44.45, -37.19, -23.48
-44.35, -35.83, -26.16
-44.47, -34.28, -28.12
-43.24, -33.65, -30.63
-42.20, -31.59, -33.92
-39.36, -30.20, -37.56
-40.15, -26.89, -39.29
-40.80, -23.61, -40.95
-39.19, -22.43, -42.63
-39.43, -20.52, -43.32
-40.03, -18.73, -43.45
-41.07, -17.40, -43.09
-43.76, -15.04, -41.68
-44.35, -12.51, -41.64
-44.61, -7.80, -41.51
-44.83, -4.68, -40.89
-44.83, -1.29, -40.13
-44.85, 0.35, -39.47
-44.00, 3.56, -38.91
-43.51, 6.83, -37.60
-43.11, 12.63, -33.36
-42.15, 17.01, -29.31
-41.52, 19.65, -26.17
-40.48, 22.55, -21.89
-39.60, 24.81, -17.21
-39.43, 25.81, -13.83
-38.68, 27.04, -9.49
-38.81, 27.16, -6.00
-39.03, 27.09, -3.24
-38.67, 27.19, 0.27
-38.73, 26.40, 5.45
-38.84, 24.93, 10.51
-39.28, 23.71, 12.92
-39.44, 22.00, 16.29
-39.53, 20.04, 19.48
-39.81, 17.21, 23.09
-40.32, 14.77, 25.33
-40.47, 11.95, 27.48
-41.16, 12.28, 26.73
-40.57, 8.64, 29.99
-39.00, 3.67, 33.79
-38.43, -0.35, 35.44
-39.43, -4.77, 35.60
-40.52, -6.53, 35.03
-41.08, -8.51, 34.69
-41.56, -11.53, 34.17
-41.36, -14.87, 33.80
-41.09, -16.69, 33.55
-40.97, -18.01, 33.32
-41.45, -20.99, 31.76
-43.96, -22.08, 29.15
-46.27, -20.69, 27.47
-46.55, -20.13, 27.41
-47.48, -18.53, 27.07
-49.07, -18.15, 25.47
-51.52, -17.25, 22.73
-53.25, -16.37, 20.57
-55.32, -15.63, 17.29
-57.12, -14.33, 13.92
-58.81, -14.16, 9.53
-59.71, -15.08, 6.32
-59.93, -14.31, 5.69
-60.44, -13.47, 3.43
-61.24, -12.43, -1.57
-61.44, -12.05, -6.09
-61.11, -11.40, -12.35
-59.89, -10.68, -18.40
-59.03, -10.76, -21.17
-58.07, -11.13, -23.68
-56.93, -11.68, -26.19
-55.96, -12.04, -27.87
-54.53, -12.87, -30.04
-52.89, -13.04, -32.25
-51.15, -12.33, -34.52
-48.55, -11.71, -37.40
-47.04, -11.17, -38.79
-45.24, -10.35, -40.35
-43.69, -9.55, -41.32
-42.76, -9.27, -41.88
-42.43, -9.17, -42.05
-43.12, -9.09, -41.53
-42.35, -10.72, -42.20
-42.92, -9.68, -41.95
-43.13, -9.03, -41.99
-40.00, -15.61, -43.20
-40.91, -17.93, -42.05
-43.57, -11.25, -41.32
-41.19, -14.52, -42.63
-39.43, -16.83, -42.95
-40.44, -13.49, -42.68
-41.39, -14.01, -42.36
-41.33, -15.21, -42.05
-41.20, -16.04, -41.99
-40.28, -16.60, -42.45
-39.68, -17.60, -42.51
-38.17, -18.07, -43.11
-35.37, -17.23, -44.45
-32.44, -17.37, -45.41
-28.99, -17.99, -46.19
-24.27, -18.13, -46.85
-20.77, -17.89, -47.07
-16.85, -18.07, -46.88
-12.97, -17.83, -46.48
-9.95, -18.24, -45.69
-7.56, -18.16, -45.07
-3.51, -17.04, -43.81
-0.25, -16.16, -42.49
3.48, -16.87, -40.12
8.01, -16.24, -36.97
11.60, -16.43, -33.40
13.99, -16.41, -30.73
16.79, -16.00, -27.01
18.53, -15.72, -24.60
20.11, -15.68, -21.63
22.03, -15.47, -17.25
23.04, -15.56, -14.28
23.92, -15.60, -10.96
24.49, -15.75, -6.55
24.91, -15.88, -3.37
25.03, -15.96, -0.48
24.83, -16.67, 1.80
24.36, -17.33, 5.23
23.60, -18.09, 8.19
22.27, -19.52, 11.71
21.16, -20.04, 14.53
19.45, -20.60, 17.89
17.29, -21.21, 21.56
15.67, -22.11, 23.28
14.44, -21.47, 25.71
12.44, -21.00, 28.47
11.69, -20.87, 29.33
10.01, -21.64, 30.49
8.13, -20.81, 32.73
6.32, -20.63, 34.01
5.57, -21.59, 34.28
4.11, -20.84, 35.63
2.57, -20.60, 36.53
1.25, -18.87, 37.73
-1.39, -16.99, 39.73
-3.11, -17.04, 40.28
-4.99, -17.24, 40.67
-6.63, -14.67, 41.63
-9.41, -12.69, 42.56
-12.05, -11.85, 42.95
-15.69, -11.19, 43.16
-20.35, -9.84, 42.97
-23.61, -9.00, 42.52
-26.60, -8.44, 41.80
-29.36, -7.53, 40.95
-33.95, -5.07, 38.75
-43.85, -1.28, 31.60
-46.69, -4.12, 29.64
-47.27, -5.27, 29.33
-46.88, -5.09, 29.88
-46.44, -5.07, 30.27
-46.56, -5.45, 30.23
-46.44, -5.56, 30.37
-46.39, -5.35, 30.40
-46.68, -5.53, 30.15
-46.84, -6.59, 30.12
-46.45, -9.07, 30.52
-46.95, -10.43, 30.08
-46.48, -7.29, 30.69
-45.07, -1.28, 31.17
-43.53, 0.81, 32.04
-41.09, 2.03, 33.53
-39.25, 4.33, 33.96
-36.01, 6.83, 34.83
-33.52, 9.21, 34.84
-31.79, 10.52, 34.88
-29.92, 12.12, 34.75
-26.52, 13.87, 34.75
-23.27, 15.52, 34.31
-20.79, 16.20, 34.15
-16.77, 16.03, 34.57
-13.77, 14.88, 35.35
-11.85, 13.80, 35.88
-9.64, 13.59, 35.71
-6.57, 13.17, 35.28
-4.67, 13.75, 34.36
-3.29, 12.13, 35.09
-2.21, 11.16, 35.31
0.39, 10.81, 34.57
1.91, 9.80, 34.36
3.25, 8.44, 34.40
3.84, 7.15, 34.73
3.93, 6.04, 35.04
5.04, 5.43, 34.63
6.17, 4.12, 34.44
6.99, 1.45, 34.83
6.75, -4.17, 35.93
6.49, -6.03, 36.08
6.05, -5.32, 36.21
6.41, -5.95, 36.12
6.79, -6.61, 36.04
6.49, -7.57, 36.36
5.67, -8.29, 36.85
5.52, -8.25, 36.92
4.85, -9.55, 37.21
3.29, -12.99, 37.59
2.59, -15.43, 37.45
1.97, -18.83, 36.72
0.88, -20.71, 36.52
-0.80, -21.44, 36.95
-2.17, -21.92, 37.33
-4.28, -23.36, 37.29
-5.69, -25.07, 36.89
-6.33, -26.09, 36.64
-8.04, -27.08, 36.59
-11.37, -29.20, 35.89
-12.87, -30.59, 35.24
-14.75, -32.23, 34.21
-17.13, -32.64, 34.17
-19.40, -32.31, 34.37
-21.53, -32.51, 34.07
-22.57, -32.16, 34.39
-23.47, -31.73, 34.61
-23.41, -32.03, 34.41
-21.99, -32.64, 33.95
-20.61, -33.01, 33.57
-18.31, -32.61, 33.80
-15.00, -33.09, 33.08
-10.91, -33.08, 32.36
-5.63, -31.75, 31.92
-1.44, -29.33, 32.07
2.09, -26.84, 32.03
5.37, -23.39, 32.13
8.23, -19.65, 31.95
11.16, -14.87, 31.27
11.84, -10.45, 31.67
11.40, -6.61, 32.28
10.41, -3.44, 32.91
9.59, -1.17, 33.19
8.51, -0.23, 33.88
6.68, 1.95, 34.56
3.92, 5.15, 34.97
1.43, 7.61, 35.05
-0.29, 9.40, 34.99
-1.33, 10.60, 34.68
-2.87, 12.04, 34.23
-3.80, 13.48, 33.49
-4.55, 14.39, 33.23
-7.47, 15.19, 33.32
-9.60, 15.92, 33.17
-11.88, 16.83, 32.75
-14.33, 17.47, 32.36
-17.15, 17.84, 32.04
-19.20, 18.07, 31.64
-21.63, 18.07, 31.31
-24.08, 17.81, 31.01
-27.16, 16.53, 31.24
-28.84, 15.39, 31.59
-30.40, 14.37, 31.65
-32.12, 12.89, 32.01
-35.52, 10.99, 31.56
-37.39, 9.33, 31.63
-38.48, 7.92, 31.81
-40.35, 6.83, 31.08
-41.32, 6.59, 30.48
-39.76, 8.43, 30.76
-37.16, 10.39, 31.37
-35.60, 12.31, 30.77
-31.41, 14.93, 30.93
-28.23, 17.03, 30.17
-25.57, 18.09, 29.99
-23.36, 17.48, 30.63
-22.67, 16.92, 30.92
-21.80, 17.09, 30.53
-20.79, 17.47, 30.00
-17.89, 18.27, 29.45
-13.44, 18.27, 29.57
-11.43, 17.68, 29.77
-8.83, 17.35, 29.69
-2.87, 16.15, 29.21
4.95, 10.52, 30.16
5.55, 9.29, 30.76
6.23, 8.57, 30.73
6.48, 7.29, 31.35
6.79, 7.04, 31.20
6.79, 6.72, 31.35
6.87, 6.36, 31.40
7.12, 6.27, 31.27
7.36, 6.16, 31.21
7.36, 5.89, 31.23
7.52, 5.76, 31.17
7.56, 5.65, 31.16
7.60, 5.49, 31.16
7.55, 5.47, 31.23
8.00, 4.97, 31.00
7.87, 5.04, 31.04
7.97, 4.56, 31.27
8.57, 2.41, 31.96
8.25, 2.36, 32.21
8.85, 2.09, 31.95
8.93, 2.01, 31.92
9.09, 1.95, 31.80
9.48, 1.81, 31.52
9.67, 1.72, 31.37
9.65, 1.68, 31.41
